4583
0
8192
8193
8194
3
8195
5
6
8198
7
8201
8202
11
8203
12
13
15
8207
16
8208
17
8209
18
19
8211
8212
21
8213
23
8215
24
8216
8217
26
8218
28
8220
29
30
31
32
8224
33
8225
34
35
36
37
8229
38
8231
40
8232
41
8233
42
44
8236
45
46
8238
47
48
49
8241
50
8242
52
54
8246
55
56
8249
8251
61
8253
8254
63
64
8256
65
68
8260
69
8262
71
72
73
8265
74
8266
8267
77
8269
78
8270
80
8272
8273
82
8274
83
8275
8276
85
8277
86
87
8279
89
8281
8282
8283
95
8287
97
8289
98
100
101
8293
8295
104
8296
106
8298
8301
110
8302
111
112
8304
113
8305
8307
116
117
8310
119
8311
120
8312
8313
123
8315
124
8316
8317
126
8318
127
8319
129
8321
8323
132
8324
133
134
135
136
8328
137
8330
140
8332
141
8333
8334
8335
144
145
146
8338
8339
148
8340
150
8342
8343
153
8345
8346
155
8347
156
8348
157
8349
158
8350
159
8351
8352
161
8354
8355
8356
165
8357
166
8358
167
8359
168
8360
169
8361
170
8362
171
8363
172
8364
173
8365
175
8367
176
8368
177
8370
179
8371
180
8372
181
8373
182
8374
183
184
188
189
193
195
196
201
203
207
208
209
210
211
212
213
217
218
220
222
224
229
230
231
236
237
243
247
248
249
250
251
252
253
255
256
257
262
264
267
273
275
276
277
278
279
280
282
283
285
290
293
296
300
302
303
305
307
308
309
310
311
313
316
317
318
319
321
328
330
331
332
333
337
338
339
340
341
346
348
349
350
352
355
356
357
359
362
363
364
367
368
369
370
372
374
375
378
379
380
381
382
384
385
387
389
390
391
393
397
398
399
401
402
403
404
407
409
410
412
414
415
416
418
419
421
430
431
434
436
441
442
443
445
448
449
450
452
455
457
458
460
461
465
467
468
470
472
475
477
480
481
482
484
487
491
492
493
494
497
501
502
505
506
508
509
513
514
515
517
522
523
524
526
528
529
533
536
538
539
541
542
545
546
548
549
551
554
555
556
557
559
561
564
565
567
570
573
575
577
579
580
582
584
585
586
588
590
591
593
594
595
597
603
604
605
611
612
613
615
616
618
620
621
622
627
628
630
633
636
637
642
643
644
646
651
653
654
658
659
661
662
669
670
671
675
677
678
679
680
681
683
689
690
691
694
695
698
700
701
703
705
708
709
710
711
712
716
719
721
722
723
724
725
726
727
728
730
733
735
738
739
743
746
748
749
750
751
752
753
754
755
757
758
759
760
761
763
764
765
768
769
770
771
772
774
776
781
782
786
787
788
789
790
793
794
797
799
800
801
803
804
807
808
810
813
819
820
821
822
823
826
827
831
832
833
834
835
838
840
842
843
844
845
846
850
852
853
855
856
858
859
860
861
864
865
867
870
880
885
886
887
888
891
892
895
896
897
898
900
901
902
903
904
906
909
910
912
913
914
916
917
922
923
924
926
927
929
931
936
940
942
943
944
946
953
956
957
958
959
960
963
964
965
966
969
970
971
972
974
975
979
980
982
984
989
990
992
993
994
997
999
1000
1001
1002
1004
1008
1010
1013
1014
1015
1016
1020
1021
1023
1025
1026
1028
1029
1030
1032
1035
1036
1037
1040
1041
1042
1045
1047
1048
1049
1054
1059
1062
1064
1065
1066
1068
1070
1072
1074
1075
1079
1081
1082
1083
1084
1086
1087
1088
1089
1093
1094
1096
1097
1098
1099
1100
1101
1106
1111
1113
1114
1116
1117
1118
1121
1123
1124
1126
1127
1129
1133
1134
1135
1137
1138
1141
1144
1145
1146
1148
1151
1153
1154
1155
1158
1161
1163
1165
1167
1168
1172
1176
1179
1182
1183
1185
1189
1190
1191
1193
1194
1195
1196
1198
1200
1202
1205
1209
1210
1211
1213
1214
1215
1217
1224
1225
1226
1227
1231
1233
1234
1236
1237
1239
1241
1243
1245
1248
1250
1253
1256
1257
1258
1261
1262
1265
1267
1268
1270
1271
1274
1276
1278
1281
1282
1283
1287
1288
1291
1292
1296
1299
1301
1302
1304
1306
1309
1315
1317
1318
1319
1322
1324
1325
1326
1329
1330
1332
1335
1336
1337
1340
1342
1345
1347
1349
1351
1353
1354
1356
1357
1359
1363
1364
1368
1369
1371
1377
1380
1381
1383
1384
1385
1386
1387
1388
1389
1390
1394
1395
1397
1398
1400
1403
1404
1405
1406
1408
1409
1411
1414
1415
1416
1419
1420
1421
1422
1424
1425
1428
1429
1431
1432
1433
1434
1436
1438
1439
1441
1443
1446
1447
1448
1451
1452
1454
1456
1457
1459
1460
1463
1464
1465
1466
1468
1469
1473
1474
1475
1476
1477
1480
1481
1482
1483
1484
1486
1491
1494
1495
1499
1500
1503
1505
1506
1507
1509
1512
1513
1514
1516
1519
1520
1521
1523
1528
1529
1530
1533
1534
1535
1536
1538
1539
1540
1541
1542
1543
1544
1545
1547
1548
1549
1552
1553
1556
1557
1560
1561
1562
1565
1567
1568
1570
1571
1572
1574
1575
1576
1577
1578
1581
1582
1584
1585
1586
1587
1588
1589
1590
1591
1593
1595
1596
1602
1603
1604
1606
1607
1614
1615
1618
1621
1623
1624
1625
1626
1627
1628
1631
1632
1633
1634
1635
1636
1637
1638
1645
1648
1649
1654
1659
1660
1662
1664
1667
1668
1670
1672
1673
1674
1676
1677
1678
1679
1680
1681
1683
1685
1687
1690
1692
1693
1694
1695
1696
1697
1698
1699
1702
1704
1707
1708
1709
1711
1712
1718
1719
1720
1721
1725
1727
1728
1729
1732
1734
1735
1736
1740
1741
1742
1743
1744
1745
1746
1747
1748
1751
1752
1754
1755
1756
1757
1758
1759
1760
1762
1763
1766
1767
1768
1772
1774
1775
1776
1784
1786
1787
1789
1790
1792
1793
1796
1797
1799
1802
1803
1804
1806
1807
1808
1810
1811
1813
1816
1817
1818
1821
1823
1824
1825
1826
1827
1828
1831
1832
1834
1835
1837
1839
1840
1841
1843
1844
1846
1850
1852
1856
1857
1858
1859
1860
1863
1865
1867
1869
1871
1875
1876
1877
1879
1882
1883
1885
1886
1889
1890
1891
1892
1893
1895
1897
1898
1901
1902
1904
1905
1906
1908
1909
1913
1916
1917
1918
1919
1921
1923
1924
1927
1932
1933
1934
1936
1938
1939
1943
1944
1946
1948
1950
1952
1954
1955
1960
1961
1962
1966
1968
1969
1972
1973
1975
1978
1979
1981
1982
1983
1985
1986
1988
1991
1992
1993
1994
1995
1998
2000
2001
2005
2006
2008
2011
2015
2016
2018
2020
2022
2023
2026
2028
2029
2030
2031
2032
2034
2035
2036
2038
2039
2040
2041
2043
2046
2048
2050
2051
2053
2055
2056
2059
2060
2062
2063
2064
2066
2070
2072
2073
2075
2076
2080
2082
2084
2085
2086
2087
2088
2094
2096
2098
2100
2101
2102
2105
2108
2113
2115
2118
2121
2125
2129
2131
2132
2133
2135
2137
2138
2139
2141
2142
2143
2147
2148
2149
2150
2151
2155
2157
2161
2163
2165
2166
2177
2180
2181
2182
2184
2186
2187
2188
2189
2190
2191
2194
2196
2198
2200
2201
2206
2208
2209
2210
2212
2214
2215
2216
2218
2220
2221
2224
2226
2227
2228
2230
2231
2234
2235
2237
2239
2240
2242
2244
2245
2248
2249
2251
2252
2255
2259
2261
2262
2264
2266
2268
2269
2273
2275
2276
2277
2279
2280
2281
2284
2287
2288
2289
2290
2291
2292
2294
2295
2297
2299
2301
2302
2305
2309
2311
2312
2314
2315
2316
2317
2319
2320
2321
2323
2325
2330
2332
2334
2336
2338
2339
2341
2342
2344
2348
2351
2353
2356
2358
2359
2360
2361
2363
2365
2366
2368
2371
2373
2375
2376
2377
2378
2382
2383
2385
2388
2389
2390
2391
2396
2397
2399
2400
2401
2402
2403
2406
2408
2410
2411
2413
2414
2415
2416
2420
2422
2423
2425
2426
2427
2429
2431
2433
2434
2436
2439
2441
2443
2444
2447
2452
2453
2454
2457
2462
2465
2467
2469
2472
2473
2474
2475
2477
2478
2480
2481
2483
2487
2491
2494
2498
2499
2502
2503
2505
2506
2514
2516
2519
2522
2523
2525
2527
2528
2533
2534
2535
2536
2539
2540
2541
2545
2548
2549
2550
2554
2555
2557
2558
2559
2562
2565
2566
2567
2568
2570
2572
2574
2575
2576
2577
2583
2584
2585
2587
2588
2590
2591
2592
2594
2595
2597
2598
2600
2601
2602
2605
2608
2609
2611
2612
2613
2616
2618
2620
2621
2623
2625
2627
2628
2631
2632
2633
2635
2636
2637
2638
2640
2641
2643
2649
2651
2653
2655
2656
2657
2658
2660
2665
2666
2669
2672
2673
2674
2676
2678
2682
2684
2685
2686
2690
2692
2693
2694
2695
2699
2700
2703
2704
2707
2709
2710
2711
2712
2714
2715
2716
2719
2722
2727
2728
2731
2732
2733
2734
2735
2739
2740
2741
2743
2745
2748
2749
2750
2752
2755
2757
2762
2763
2764
2765
2766
2767
2769
2771
2775
2776
2777
2779
2781
2782
2784
2785
2787
2789
2790
2795
2797
2798
2799
2800
2801
2802
2803
2806
2808
2810
2811
2812
2813
2817
2819
2820
2821
2823
2828
2830
2831
2833
2834
2837
2839
2840
2842
2843
2846
2847
2848
2849
2852
2854
2856
2859
2864
2865
2868
2871
2872
2874
2875
2876
2878
2880
2881
2888
2889
2890
2893
2894
2896
2897
2898
2899
2900
2902
2903
2904
2908
2909
2910
2911
2912
2913
2919
2922
2923
2924
2927
2930
2931
2932
2933
2937
2938
2939
2941
2942
2944
2946
2947
2950
2951
2952
2953
2956
2957
2959
2960
2962
2963
2965
2966
2970
2971
2973
2974
2978
2979
2980
2981
2982
2984
2986
2987
2988
2993
2994
2999
3000
3001
3002
3004
3005
3006
3008
3009
3010
3011
3013
3015
3017
3018
3020
3022
3023
3024
3025
3027
3028
3035
3042
3043
3044
3045
3047
3048
3051
3052
3056
3057
3060
3063
3066
3067
3068
3069
3070
3071
3072
3073
3076
3078
3082
3083
3084
3086
3088
3089
3092
3093
3094
3096
3098
3099
3101
3103
3104
3105
3106
3107
3109
3110
3113
3114
3116
3117
3118
3120
3121
3122
3123
3124
3125
3129
3132
3133
3134
3136
3137
3138
3141
3145
3148
3150
3151
3152
3153
3154
3157
3159
3161
3163
3164
3165
3166
3167
3168
3169
3171
3172
3173
3175
3177
3178
3181
3182
3186
3188
3189
3190
3195
3196
3197
3199
3200
3203
3204
3207
3211
3212
3213
3214
3217
3218
3219
3220
3223
3224
3228
3230
3233
3234
3235
3236
3237
3240
3241
3244
3246
3247
3249
3252
3254
3258
3259
3260
3261
3262
3266
3267
3270
3272
3274
3275
3276
3278
3279
3282
3283
3285
3286
3288
3290
3291
3292
3293
3294
3297
3299
3300
3301
3302
3303
3305
3306
3307
3308
3310
3311
3313
3315
3318
3320
3323
3324
3327
3328
3330
3331
3332
3335
3336
3337
3338
3339
3341
3342
3343
3344
3345
3349
3351
3353
3356
3357
3358
3360
3362
3368
3370
3371
3372
3373
3374
3375
3376
3378
3379
3380
3381
3385
3386
3387
3394
3396
3397
3401
3403
3404
3405
3407
3408
3410
3412
3416
3417
3420
3422
3424
3426
3427
3428
3429
3433
3434
3435
3436
3437
3440
3441
3442
3443
3447
3448
3449
3450
3451
3452
3454
3456
3457
3458
3459
3461
3463
3464
3466
3469
3472
3473
3474
3476
3477
3478
3480
3482
3483
3485
3486
3487
3489
3492
3495
3498
3501
3502
3504
3507
3508
3509
3511
3512
3513
3514
3515
3517
3518
3521
3525
3528
3529
3531
3534
3535
3537
3538
3540
3541
3542
3545
3546
3547
3548
3549
3550
3552
3553
3554
3556
3557
3559
3560
3563
3564
3565
3566
3567
3568
3571
3574
3575
3576
3577
3582
3583
3586
3587
3589
3592
3594
3596
3597
3604
3605
3606
3611
3612
3613
3616
3617
3618
3622
3624
3626
3628
3629
3630
3632
3633
3635
3636
3639
3641
3648
3649
3650
3651
3652
3653
3655
3656
3657
3658
3659
3661
3665
3667
3669
3670
3672
3673
3675
3677
3678
3679
3680
3681
3684
3687
3688
3689
3690
3691
3693
3694
3695
3696
3698
3702
3704
3705
3707
3709
3711
3714
3715
3717
3718
3719
3721
3724
3725
3726
3727
3728
3729
3730
3731
3732
3737
3738
3740
3741
3743
3744
3745
3749
3752
3757
3760
3761
3762
3763
3764
3765
3766
3769
3770
3771
3772
3773
3776
3778
3781
3783
3784
3786
3787
3788
3790
3794
3795
3797
3798
3799
3801
3802
3804
3805
3807
3811
3812
3813
3816
3817
3819
3821
3823
3824
3825
3828
3831
3833
3834
3835
3837
3840
3841
3842
3845
3846
3847
3848
3849
3850
3851
3855
3857
3858
3864
3865
3867
3869
3874
3875
3877
3878
3880
3882
3883
3887
3893
3896
3899
3900
3902
3903
3905
3906
3914
3915
3916
3918
3921
3922
3924
3925
3926
3927
3928
3931
3933
3934
3935
3936
3937
3938
3940
3941
3942
3943
3944
3945
3946
3947
3949
3952
3954
3956
3957
3958
3959
3960
3961
3962
3965
3967
3969
3970
3973
3975
3976
3977
3980
3981
3982
3986
3988
3989
3990
3991
3992
3993
3997
4000
4001
4002
4005
4007
4009
4010
4011
4012
4013
4014
4017
4018
4019
4020
4021
4023
4024
4027
4028
4032
4034
4038
4039
4040
4044
4045
4047
4048
4050
4051
4053
4054
4055
4057
4058
4059
4060
4063
4064
4067
4068
4069
4070
4071
4072
4073
4074
4075
4076
4077
4078
4079
4082
4084
4087
4089
4090
4095
4096
4097
4098
4101
4102
4103
4106
4107
4109
4110
4113
4114
4115
4119
4121
4122
4124
4125
4126
4127
4128
4129
4130
4131
4132
4133
4135
4136
4138
4139
4141
4143
4149
4153
4154
4155
4156
4158
4159
4160
4162
4164
4165
4166
4170
4171
4172
4175
4176
4177
4178
4179
4183
4185
4187
4189
4190
4193
4195
4197
4198
4199
4203
4204
4205
4210
4212
4213
4214
4215
4220
4222
4223
4224
4225
4227
4228
4229
4231
4233
4236
4237
4241
4242
4243
4245
4247
4249
4250
4251
4253
4254
4255
4256
4260
4262
4263
4266
4267
4270
4273
4276
4277
4279
4280
4281
4282
4284
4285
4286
4289
4290
4292
4293
4294
4297
4298
4299
4300
4301
4302
4303
4304
4305
4307
4309
4310
4314
4315
4316
4317
4318
4319
4320
4322
4323
4325
4327
4329
4332
4333
4334
4335
4336
4340
4342
4346
4347
4348
4349
4350
4351
4352
4354
4356
4358
4360
4361
4362
4364
4365
4369
4370
4371
4374
4375
4377
4379
4380
4384
4386
4387
4388
4390
4391
4392
4393
4396
4397
4398
4399
4400
4401
4404
4406
4407
4409
4410
4412
4414
4416
4418
4419
4422
4423
4426
4428
4429
4430
4432
4433
4434
4436
4437
4439
4440
4441
4445
4446
4447
4450
4451
4453
4454
4456
4458
4459
4460
4462
4464
4466
4467
4470
4471
4473
4478
4480
4481
4482
4483
4487
4488
4489
4491
4492
4494
4495
4497
4500
4501
4502
4503
4506
4507
4508
4510
4512
4521
4522
4523
4524
4528
4529
4531
4532
4535
4537
4539
4540
4541
4542
4544
4546
4548
4549
4551
4552
4554
4560
4561
4562
4563
4565
4567
4568
4569
4570
4571
4573
4576
4578
4581
4582
4586
4589
4590
4594
4595
4596
4597
4598
4599
4600
4601
4604
4605
4609
4616
4618
4621
4623
4624
4625
4627
4629
4631
4632
4634
4635
4638
4639
4640
4641
4642
4643
4644
4646
4647
4650
4653
4654
4655
4656
4657
4658
4659
4661
4662
4668
4670
4671
4672
4673
4674
4675
4679
4680
4681
4684
4687
4689
4690
4691
4692
4694
4696
4697
4701
4702
4706
4707
4708
4709
4710
4711
4712
4713
4714
4715
4716
4717
4720
4721
4722
4723
4726
4727
4728
4729
4731
4733
4734
4735
4736
4737
4738
4740
4741
4743
4747
4749
4751
4753
4755
4756
4757
4759
4760
4761
4764
4766
4767
4768
4769
4771
4772
4773
4774
4777
4780
4781
4782
4785
4786
4787
4788
4790
4791
4793
4794
4795
4796
4798
4799
4800
4801
4802
4804
4805
4806
4811
4813
4814
4815
4816
4820
4822
4824
4828
4829
4830
4833
4834
4835
4839
4841
4843
4844
4846
4848
4849
4852
4854
4857
4860
4862
4864
4865
4868
4869
4870
4872
4874
4875
4877
4878
4879
4881
4885
4886
4887
4888
4890
4895
4896
4901
4902
4903
4904
4905
4906
4907
4910
4911
4913
4914
4915
4916
4917
4919
4923
4927
4928
4930
4934
4937
4939
4940
4941
4943
4945
4946
4947
4951
4952
4953
4954
4956
4957
4958
4959
4960
4962
4964
4966
4967
4968
4969
4970
4972
4973
4974
4975
4978
4979
4980
4981
4982
4983
4986
4989
4990
4992
4993
4995
4997
5000
5004
5006
5008
5009
5012
5014
5015
5016
5019
5020
5021
5022
5024
5026
5027
5028
5029
5030
5031
5034
5035
5036
5037
5039
5040
5041
5042
5043
5044
5045
5046
5048
5050
5051
5052
5053
5054
5055
5056
5057
5058
5059
5060
5061
5062
5063
5065
5066
5067
5070
5071
5072
5079
5080
5081
5082
5083
5085
5091
5092
5093
5094
5095
5096
5100
5102
5104
5105
5107
5108
5109
5112
5116
5117
5118
5122
5123
5125
5126
5130
5131
5137
5139
5141
5142
5145
5146
5148
5149
5150
5152
5153
5155
5157
5160
5161
5164
5165
5167
5171
5173
5174
5180
5182
5183
5185
5186
5187
5189
5190
5191
5194
5195
5196
5197
5198
5200
5202
5206
5208
5209
5210
5213
5218
5219
5220
5222
5225
5231
5233
5235
5237
5238
5239
5240
5243
5245
5246
5248
5252
5253
5254
5255
5256
5258
5260
5262
5264
5266
5268
5269
5270
5271
5272
5276
5277
5278
5279
5281
5282
5283
5285
5287
5288
5289
5290
5291
5293
5297
5298
5299
5301
5302
5303
5305
5306
5309
5310
5313
5314
5315
5316
5317
5318
5324
5325
5326
5329
5330
5333
5336
5339
5343
5344
5347
5348
5350
5351
5355
5357
5358
5359
5361
5363
5367
5370
5373
5377
5378
5380
5381
5382
5383
5384
5386
5387
5388
5390
5391
5393
5395
5397
5401
5402
5404
5405
5406
5408
5409
5412
5413
5415
5417
5420
5421
5422
5423
5424
5427
5428
5430
5432
5435
5436
5437
5439
5440
5441
5442
5444
5445
5450
5451
5452
5453
5456
5459
5461
5463
5465
5466
5467
5470
5472
5473
5475
5477
5478
5479
5481
5482
5483
5484
5486
5492
5493
5497
5498
5499
5502
5504
5505
5507
5508
5509
5510
5512
5513
5514
5516
5523
5524
5525
5526
5527
5528
5532
5535
5536
5538
5539
5540
5542
5543
5545
5547
5548
5549
5550
5551
5552
5558
5559
5560
5561
5565
5566
5567
5568
5570
5571
5576
5581
5583
5584
5588
5589
5590
5592
5593
5595
5597
5600
5601
5606
5608
5613
5614
5615
5619
5622
5624
5628
5630
5631
5634
5636
5639
5640
5641
5648
5649
5652
5654
5655
5656
5657
5658
5662
5663
5665
5668
5669
5671
5673
5676
5681
5682
5684
5686
5691
5693
5694
5697
5698
5700
5701
5703
5706
5707
5709
5710
5713
5715
5717
5718
5719
5720
5721
5723
5724
5725
5726
5728
5730
5733
5735
5736
5737
5738
5739
5741
5742
5743
5745
5746
5749
5750
5754
5755
5756
5757
5758
5759
5760
5761
5762
5763
5764
5765
5766
5768
5769
5770
5771
5773
5775
5776
5777
5779
5780
5782
5783
5784
5788
5789
5796
5797
5798
5799
5801
5803
5805
5809
5811
5814
5815
5816
5817
5818
5821
5822
5826
5828
5829
5830
5831
5833
5834
5836
5837
5838
5839
5842
5847
5848
5849
5850
5852
5854
5859
5860
5862
5863
5865
5866
5868
5869
5871
5872
5873
5874
5876
5877
5878
5879
5881
5882
5883
5885
5886
5887
5890
5891
5892
5895
5900
5901
5903
5904
5905
5907
5908
5909
5910
5913
5914
5916
5917
5919
5922
5925
5926
5927
5929
5933
5935
5936
5938
5939
5940
5942
5946
5947
5948
5949
5953
5954
5955
5958
5960
5961
5964
5965
5966
5968
5974
5975
5980
5981
5984
5987
5990
5992
5993
5995
5998
6000
6001
6002
6005
6006
6008
6012
6013
6015
6016
6017
6018
6020
6022
6023
6025
6027
6028
6029
6032
6034
6035
6036
6037
6038
6039
6041
6042
6043
6045
6046
6048
6051
6052
6055
6058
6060
6063
6064
6065
6066
6068
6069
6073
6074
6075
6076
6078
6079
6081
6083
6084
6086
6087
6089
6090
6092
6093
6094
6096
6100
6101
6102
6103
6105
6106
6107
6108
6110
6112
6114
6115
6117
6119
6121
6122
6124
6125
6126
6129
6130
6134
6135
6138
6139
6140
6143
6144
6145
6146
6147
6149
6151
6154
6155
6159
6160
6162
6163
6164
6166
6169
6170
6172
6173
6180
6181
6185
6186
6191
6192
6194
6195
6203
6204
6205
6206
6207
6210
6211
6212
6213
6215
6217
6219
6220
6221
6223
6224
6225
6227
6229
6233
6234
6236
6237
6240
6244
6245
6246
6249
6251
6253
6254
6256
6258
6261
6263
6267
6272
6276
6279
6281
6284
6285
6286
6290
6291
6293
6297
6300
6303
6304
6305
6307
6312
6313
6315
6319
6320
6321
6322
6323
6325
6328
6329
6330
6331
6333
6334
6335
6336
6337
6338
6339
6340
6341
6343
6344
6345
6346
6348
6349
6350
6351
6354
6357
6358
6359
6361
6362
6363
6364
6367
6368
6369
6370
6371
6372
6373
6374
6377
6378
6382
6385
6386
6387
6388
6389
6391
6392
6394
6396
6397
6398
6399
6401
6402
6404
6407
6409
6410
6413
6415
6416
6420
6421
6425
6426
6427
6429
6432
6433
6434
6435
6437
6438
6439
6440
6441
6443
6445
6446
6450
6451
6453
6460
6461
6463
6464
6466
6467
6468
6469
6471
6473
6474
6476
6477
6478
6479
6483
6485
6489
6491
6494
6495
6496
6497
6500
6502
6503
6505
6509
6510
6516
6519
6520
6521
6522
6525
6526
6527
6530
6533
6534
6536
6537
6539
6543
6545
6547
6550
6551
6552
6553
6554
6557
6558
6559
6560
6563
6564
6565
6568
6571
6572
6575
6576
6578
6583
6584
6586
6587
6588
6591
6592
6594
6595
6596
6597
6598
6600
6601
6604
6605
6607
6610
6612
6619
6620
6624
6626
6628
6630
6632
6634
6635
6636
6639
6640
6642
6643
6646
6647
6649
6650
6651
6655
6657
6659
6660
6662
6663
6664
6665
6666
6667
6668
6670
6671
6674
6675
6677
6680
6681
6684
6685
6687
6689
6690
6693
6694
6695
6696
6697
6698
6699
6701
6704
6707
6710
6711
6712
6713
6715
6716
6719
6720
6721
6725
6726
6729
6731
6732
6735
6736
6737
6738
6739
6740
6743
6747
6749
6752
6753
6754
6755
6757
6758
6763
6767
6770
6779
6784
6785
6787
6788
6802
6803
6806
6810
6814
6820
6822
6824
6825
6827
6830
6831
6834
6835
6836
6838
6839
6840
6841
6844
6845
6849
6856
6858
6860
6861
6862
6863
6864
6866
6867
6871
6872
6874
6876
6877
6878
6879
6881
6884
6887
6888
6890
6893
6894
6896
6897
6898
6899
6905
6906
6908
6910
6911
6912
6913
6916
6921
6922
6924
6927
6928
6929
6930
6937
6938
6941
6943
6944
6948
6952
6954
6955
6957
6958
6959
6962
6963
6965
6967
6969
6971
6972
6974
6977
6978
6979
6980
6983
6984
6985
6988
6989
6990
6991
6993
6999
7002
7003
7004
7007
7008
7009
7011
7013
7014
7016
7017
7018
7025
7026
7029
7033
7034
7035
7036
7037
7039
7040
7041
7043
7044
7045
7046
7048
7051
7053
7055
7056
7058
7059
7060
7061
7063
7064
7065
7068
7072
7075
7077
7081
7084
7085
7087
7092
7094
7098
7100
7102
7103
7105
7106
7107
7112
7113
7114
7115
7116
7119
7122
7124
7125
7130
7133
7134
7137
7138
7139
7140
7143
7147
7149
7150
7151
7153
7155
7156
7158
7159
7160
7161
7167
7168
7169
7172
7173
7175
7177
7178
7179
7180
7185
7186
7188
7189
7190
7193
7194
7195
7196
7199
7200
7202
7203
7205
7206
7210
7211
7212
7213
7215
7220
7221
7222
7224
7227
7228
7229
7231
7233
7234
7235
7239
7243
7249
7251
7252
7253
7255
7256
7257
7258
7261
7263
7266
7270
7271
7272
7274
7275
7276
7277
7278
7279
7280
7281
7282
7285
7286
7287
7288
7289
7291
7292
7296
7298
7299
7300
7303
7306
7307
7309
7310
7312
7314
7315
7316
7318
7319
7322
7323
7324
7325
7326
7327
7328
7330
7331
7333
7336
7337
7338
7339
7340
7341
7342
7343
7345
7348
7349
7350
7351
7353
7354
7357
7362
7364
7365
7366
7367
7368
7371
7378
7380
7381
7382
7383
7385
7386
7388
7389
7390
7391
7392
7399
7402
7407
7410
7411
7412
7414
7415
7417
7419
7420
7421
7422
7423
7425
7426
7430
7431
7432
7437
7438
7440
7441
7443
7444
7445
7446
7448
7449
7450
7451
7452
7454
7456
7457
7458
7459
7461
7465
7466
7467
7471
7474
7475
7476
7478
7479
7480
7488
7497
7498
7501
7502
7504
7505
7508
7511
7512
7513
7514
7515
7519
7523
7525
7526
7529
7532
7533
7534
7536
7537
7538
7539
7540
7542
7543
7547
7551
7554
7557
7558
7560
7562
7563
7564
7565
7566
7567
7568
7569
7571
7572
7573
7574
7577
7578
7579
7582
7583
7585
7586
7588
7589
7591
7592
7599
7600
7604
7605
7607
7608
7610
7611
7614
7616
7617
7618
7619
7620
7621
7622
7623
7624
7626
7628
7631
7636
7637
7638
7640
7641
7643
7645
7646
7649
7651
7654
7655
7661
7663
7669
7670
7671
7672
7674
7678
7683
7685
7686
7687
7689
7690
7692
7693
7694
7695
7696
7697
7699
7703
7706
7707
7709
7710
7712
7713
7717
7718
7721
7722
7724
7725
7726
7727
7728
7731
7735
7737
7738
7740
7743
7745
7746
7747
7749
7750
7751
7752
7753
7754
7755
7757
7758
7761
7762
7764
7765
7766
7770
7771
7777
7778
7781
7784
7792
7793
7797
7800
7801
7802
7803
7805
7809
7810
7811
7812
7813
7816
7818
7820
7821
7823
7824
7825
7827
7831
7835
7841
7844
7849
7850
7851
7852
7853
7854
7857
7859
7860
7861
7863
7866
7867
7868
7869
7870
7875
7877
7878
7879
7881
7882
7883
7885
7887
7888
7891
7892
7894
7897
7898
7899
7900
7903
7905
7906
7907
7910
7911
7912
7914
7917
7918
7919
7921
7922
7923
7925
7926
7927
7928
7929
7931
7932
7933
7934
7935
7936
7939
7940
7944
7945
7946
7947
7948
7950
7953
7954
7956
7957
7961
7964
7965
7967
7968
7970
7971
7972
7976
7978
7980
7983
7984
7985
7988
7989
7990
7991
7994
7995
7997
8000
8003
8005
8009
8010
8011
8013
8014
8016
8017
8020
8024
8027
8030
8032
8033
8034
8037
8041
8042
8046
8048
8049
8050
8051
8053
8055
8056
8057
8058
8059
8060
8063
8064
8066
8068
8069
8077
8079
8080
8081
8085
8086
8087
8088
8091
8092
8094
8096
8097
8098
8099
8100
8101
8103
8104
8105
8107
8109
8111
8113
8114
8115
8118
8119
8121
8122
8127
8129
8130
8133
8136
8137
8139
8142
8144
8145
8146
8149
8150
8152
8153
8156
8159
8162
8164
8165
8170
8175
8176
8179
8181
8183
8184
8185
8186
8187
8190
8191
310
1
2
3
5
6
7
9
10
11
13
14
15
17
18
19
21
22
23
25
26
27
29
30
31
33
34
35
37
38
39
41
42
43
45
46
47
49
50
51
53
54
55
57
58
59
61
62
63
65
66
67
69
70
71
73
74
75
77
78
79
81
82
83
85
86
87
89
90
91
93
94
95
97
98
99
101
102
103
105
106
107
109
110
111
113
114
115
117
118
119
121
122
123
125
126
127
129
130
131
133
134
135
137
138
139
141
142
143
145
146
147
149
150
151
153
154
155
157
158
159
161
162
163
165
166
167
168
169
170
171
173
174
175
177
178
179
181
182
183
185
186
187
189
190
191
193
194
195
197
198
199
201
202
203
205
206
207
209
210
211
213
214
215
217
218
219
221
222
223
225
226
227
229
230
231
233
234
235
237
238
239
241
242
243
245
246
247
249
250
251
253
254
255
257
258
259
261
262
263
265
266
267
269
270
271
273
274
275
277
278
279
281
282
283
285
286
287
289
290
291
293
294
295
297
298
299
301
302
303
305
306
307
309
310
311
313
314
315
317
318
319
321
322
323
325
326
327
329
330
331
333
334
335
337
338
339
341
342
343
345
346
347
349
350
351
353
354
355
357
358
359
361
362
363
365
366
367
369
370
371
373
374
375
377
378
379
381
382
383
385
386
387
389
390
391
393
394
395
397
398
399
401
402
403
405
406
407
409
410
411
