7637
0
1
3
4
6
9
10
11
16
19
22
23
25
26
28
29
30
31
32
33
34
36
37
38
40
41
43
45
47
48
49
50
51
53
54
55
56
59
64
65
66
67
69
70
71
73
75
76
77
78
80
81
82
84
85
88
89
91
94
95
96
98
102
103
104
106
107
108
109
110
111
113
115
116
117
118
119
120
121
122
125
126
127
129
130
131
132
134
135
136
137
138
140
142
144
145
146
147
151
152
155
156
160
164
165
166
170
171
172
178
179
184
185
187
188
189
191
192
193
194
195
196
197
198
202
204
205
206
207
214
216
217
218
223
225
226
227
228
230
232
234
235
236
237
241
244
248
250
251
252
254
255
257
258
259
261
262
266
268
270
271
273
275
277
279
281
282
283
284
286
288
289
290
291
293
294
297
300
301
303
305
306
309
311
314
318
320
321
324
325
328
329
330
332
333
334
336
337
338
340
342
350
351
352
353
354
356
357
358
361
362
364
365
366
367
368
370
373
374
381
382
383
385
387
388
389
390
391
394
395
396
398
403
404
405
406
407
408
409
412
413
414
415
418
420
423
425
426
428
429
430
431
433
435
438
439
441
443
445
446
447
448
449
450
451
453
455
457
458
459
461
462
464
465
466
467
469
473
474
476
477
478
479
480
481
484
486
487
490
495
498
499
500
503
504
505
506
507
509
510
511
512
513
514
515
516
518
519
523
524
527
529
530
531
532
534
535
536
537
541
542
543
544
545
546
547
549
551
552
553
555
556
557
558
559
561
562
563
564
565
566
569
570
572
576
578
579
582
584
585
586
588
590
597
598
599
600
601
603
604
607
608
610
611
612
613
617
618
619
621
622
624
626
628
629
633
634
639
640
641
644
645
646
647
648
649
650
651
652
654
655
657
658
661
665
667
668
670
671
673
674
676
677
678
679
682
685
686
687
689
694
695
696
697
698
699
700
701
703
704
707
709
711
712
713
715
716
717
718
719
720
721
722
723
724
725
728
729
730
733
734
735
737
738
739
741
742
743
744
745
746
747
748
750
751
752
753
755
756
757
759
762
763
768
770
771
773
774
775
779
780
781
782
786
787
788
789
790
791
794
796
797
798
799
800
801
802
803
804
805
806
807
811
812
816
817
822
823
824
827
831
832
833
834
835
836
837
838
840
842
843
845
847
849
851
854
855
859
860
861
865
867
868
870
872
874
875
876
878
880
883
884
886
888
896
897
899
900
905
906
907
908
909
910
912
913
914
915
918
920
921
922
923
924
925
927
928
929
932
934
936
937
940
941
942
943
944
946
947
949
950
952
954
955
957
958
959
960
961
962
963
964
965
966
969
970
971
972
973
974
975
976
980
982
983
984
989
990
991
994
996
999
1007
1008
1010
1011
1013
1015
1018
1021
1022
1023
1024
1025
1026
1028
1029
1030
1033
1034
1035
1039
1043
1044
1045
1046
1047
1050
1052
1056
1057
1058
1059
1060
1061
1065
1067
1070
1071
1072
1073
1075
1076
1079
1080
1082
1083
1084
1085
1086
1087
1091
1093
1095
1096
1097
1098
1100
1101
1102
1103
1106
1108
1109
1110
1111
1112
1113
1115
1117
1118
1119
1121
1122
1123
1124
1128
1129
1131
1132
1135
1137
1140
1141
1142
1143
1144
1145
1146
1148
1151
1153
1154
1155
1156
1157
1158
1159
1160
1162
1165
1166
1167
1168
1169
1171
1172
1173
1174
1175
1176
1177
1178
1179
1183
1184
1186
1187
1188
1192
1193
1197
1198
1199
1200
1201
1202
1203
1204
1205
1207
1208
1209
1210
1211
1212
1213
1214
1215
1216
1218
1221
1222
1223
1224
1226
1227
1228
1229
1230
1232
1233
1234
1236
1237
1238
1239
1240
1242
1244
1247
1248
1249
1250
1254
1255
1257
1258
1259
1260
1262
1263
1265
1266
1268
1270
1272
1273
1275
1276
1277
1278
1279
1280
1283
1284
1285
1288
1289
1290
1291
1292
1294
1295
1296
1300
1306
1307
1308
1309
1310
1312
1313
1314
1316
1317
1318
1319
1321
1322
1323
1325
1327
1328
1331
1332
1334
1335
1338
1339
1340
1345
1346
1349
1350
1351
1352
1354
1355
1356
1358
1359
1360
1361
1362
1364
1365
1368
1369
1372
1374
1375
1383
1386
1387
1391
1393
1394
1395
1397
1398
1399
1401
1403
1407
1408
1409
1411
1413
1414
1415
1417
1418
1419
1420
1421
1422
1424
1425
1427
1428
1429
1431
1433
1434
1435
1437
1438
1439
1440
1441
1442
1443
1444
1446
1447
1449
1450
1452
1455
1456
1457
1462
1464
1466
1467
1468
1469
1470
1471
1472
1473
1474
1475
1476
1481
1482
1483
1485
1486
1489
1490
1491
1493
1495
1497
1498
1499
1501
1502
1503
1504
1505
1506
1507
1511
1512
1514
1516
1520
1521
1523
1524
1527
1528
1532
1535
1536
1538
1540
1542
1543
1544
1546
1548
1549
1551
1555
1556
1557
1558
1559
1560
1562
1564
1565
1566
1567
1568
1569
1572
1573
1575
1576
1578
1584
1585
1586
1587
1588
1589
1590
1591
1592
1594
1598
1599
1600
1601
1604
1606
1607
1609
1611
1612
1613
1617
1618
1620
1621
1622
1624
1625
1626
1630
1631
1632
1634
1636
1637
1638
1640
1643
1645
1647
1648
1649
1651
1656
1657
1658
1659
1660
1661
1663
1664
1669
1672
1673
1674
1675
1676
1677
1678
1679
1681
1682
1683
1684
1685
1686
1687
1688
1689
1690
1691
1692
1693
1694
1695
1696
1697
1698
1702
1703
1706
1707
1708
1709
1710
1711
1717
1718
1720
1721
1722
1723
1725
1728
1729
1731
1732
1733
1734
1736
1737
1738
1743
1744
1745
1747
1749
1750
1751
1753
1754
1755
1760
1763
1766
1767
1768
1769
1770
1771
1773
1774
1775
1776
1779
1780
1781
1783
1784
1785
1786
1788
1789
1790
1791
1792
1793
1795
1796
1797
1798
1799
1802
1803
1804
1805
1807
1808
1809
1810
1811
1812
1814
1817
1818
1820
1827
1828
1829
1830
1831
1833
1834
1835
1837
1838
1840
1841
1842
1843
1846
1847
1849
1851
1852
1855
1856
1857
1858
1862
1863
1864
1865
1867
1869
1870
1871
1874
1875
1876
1877
1878
1879
1880
1881
1882
1883
1885
1887
1889
1891
1892
1895
1896
1899
1900
1901
1902
1903
1904
1908
1913
1916
1917
1918
1920
1921
1924
1926
1927
1929
1930
1931
1933
1934
1940
1941
1943
1945
1946
1947
1948
1950
1952
1953
1954
1956
1957
1958
1960
1962
1963
1965
1967
1969
1970
1971
1972
1973
1974
1976
1978
1979
1980
1981
1982
1984
1987
1990
1991
1992
1993
1995
1996
1999
2000
2001
2002
2003
2004
2005
2006
2007
2009
2011
2012
2014
2015
2016
2018
2019
2021
2022
2023
2024
2025
2026
2027
2029
2030
2031
2032
2034
2035
2037
2038
2039
2041
2042
2043
2045
2047
2048
2049
2050
2051
2054
2055
2056
2057
2058
2059
2060
2061
2062
2063
2064
2065
2067
2068
2069
2072
2073
2077
2080
2081
2082
2083
2084
2086
2087
2088
2089
2090
2091
2094
2096
2097
2099
2100
2101
2102
2103
2104
2105
2106
2107
2114
2116
2117
2118
2121
2122
2125
2126
2127
2128
2129
2130
2131
2134
2137
2140
2142
2143
2145
2146
2148
2150
2151
2152
2154
2155
2156
2157
2160
2164
2165
2168
2169
2172
2175
2181
2182
2186
2187
2190
2192
2193
2196
2197
2198
2199
2201
2202
2203
2205
2206
2208
2209
2210
2211
2212
2213
2214
2215
2217
2218
2220
2221
2223
2224
2225
2228
2229
2231
2234
2236
2237
2238
2239
2240
2241
2242
2243
2245
2248
2249
2250
2253
2254
2256
2258
2261
2262
2264
2265
2267
2269
2275
2276
2277
2280
2283
2285
2286
2288
2289
2292
2293
2295
2296
2299
2302
2303
2304
2305
2306
2307
2308
2311
2312
2314
2317
2318
2319
2320
2323
2324
2328
2329
2330
2331
2332
2333
2335
2336
2337
2341
2343
2344
2345
2347
2349
2351
2352
2353
2355
2356
2357
2358
2361
2362
2363
2364
2366
2369
2370
2371
2372
2373
2375
2376
2377
2379
2381
2382
2383
2385
2386
2387
2389
2391
2392
2393
2395
2396
2398
2399
2400
2402
2405
2406
2408
2409
2412
2416
2417
2418
2420
2422
2423
2424
2425
2426
2427
2429
2430
2431
2432
2434
2435
2436
2437
2439
2440
2441
2445
2446
2447
2449
2455
2456
2460
2461
2464
2465
2466
2468
2470
2471
2474
2475
2476
2477
2478
2479
2480
2481
2485
2486
2487
2489
2490
2493
2494
2496
2497
2498
2499
2501
2502
2503
2505
2506
2508
2511
2512
2513
2515
2516
2518
2522
2524
2525
2526
2528
2529
2530
2532
2533
2534
2538
2539
2540
2541
2542
2543
2544
2546
2548
2550
2551
2553
2554
2558
2561
2563
2564
2565
2570
2572
2573
2574
2576
2577
2579
2581
2583
2584
2585
2586
2587
2588
2589
2590
2592
2597
2599
2601
2602
2603
2604
2606
2610
2611
2612
2613
2615
2617
2618
2619
2620
2622
2624
2625
2627
2629
2630
2633
2635
2642
2643
2644
2645
2646
2647
2649
2652
2654
2656
2658
2659
2663
2664
2665
2666
2667
2668
2669
2670
2671
2672
2674
2675
2676
2678
2679
2680
2681
2682
2686
2687
2689
2691
2692
2693
2694
2696
2697
2703
2704
2707
2708
2710
2712
2714
2718
2719
2720
2723
2725
2726
2727
2728
2731
2732
2733
2735
2737
2740
2741
2742
2743
2748
2749
2750
2751
2752
2753
2755
2756
2757
2761
2767
2768
2769
2773
2774
2776
2777
2778
2779
2780
2781
2783
2784
2785
2787
2788
2790
2793
2794
2796
2798
2799
2800
2801
2807
2810
2811
2813
2815
2816
2818
2819
2821
2822
2823
2824
2825
2826
2827
2828
2830
2833
2834
2835
2836
2838
2840
2842
2844
2845
2846
2850
2851
2852
2853
2854
2860
2862
2864
2865
2866
2867
2868
2872
2877
2878
2882
2883
2885
2886
2887
2888
2894
2895
2896
2897
2898
2901
2903
2904
2906
2908
2909
2910
2911
2913
2914
2915
2916
2917
2919
2920
2921
2923
2924
2925
2926
2928
2929
2930
2932
2935
2936
2937
2939
2940
2943
2944
2947
2948
2949
2953
2955
2957
2958
2959
2960
2963
2966
2969
2971
2972
2974
2975
2977
2978
2979
2981
2984
2985
2986
2987
2989
2990
2991
2993
2996
2997
3000
3001
3004
3005
3006
3007
3008
3009
3012
3014
3015
3018
3019
3020
3021
3025
3026
3027
3028
3029
3031
3032
3036
3037
3038
3039
3041
3042
3043
3046
3047
3048
3050
3051
3052
3053
3054
3055
3056
3057
3058
3059
3061
3062
3064
3066
3068
3069
3071
3072
3075
3076
3080
3081
3082
3084
3086
3090
3091
3092
3094
3096
3097
3099
3100
3101
3102
3104
3106
3107
3109
3112
3113
3115
3116
3119
3122
3124
3127
3128
3129
3133
3135
3136
3137
3138
3140
3142
3143
3144
3146
3147
3148
3151
3152
3153
3155
3156
3157
3159
3162
3165
3166
3167
3169
3170
3171
3173
3176
3177
3178
3181
3183
3184
3187
3188
3196
3197
3198
3201
3202
3203
3204
3206
3208
3209
3210
3211
3213
3218
3219
3220
3221
3223
3225
3226
3227
3233
3234
3235
3239
3243
3244
3245
3248
3250
3251
3252
3253
3254
3255
3256
3257
3258
3259
3260
3261
3262
3266
3270
3271
3274
3276
3277
3278
3279
3281
3282
3283
3284
3290
3291
3295
3296
3299
3302
3303
3304
3305
3308
3309
3310
3311
3313
3314
3315
3318
3320
3321
3322
3324
3326
3327
3328
3329
3330
3331
3333
3334
3336
3337
3338
3339
3340
3342
3343
3344
3345
3347
3348
3349
3350
3351
3352
3353
3354
3355
3359
3360
3361
3362
3364
3366
3368
3369
3370
3372
3373
3374
3375
3376
3377
3379
3381
3383
3387
3388
3389
3390
3392
3394
3395
3397
3399
3402
3404
3405
3407
3409
3410
3411
3412
3414
3415
3416
3417
3418
3419
3420
3422
3423
3424
3426
3427
3428
3429
3432
3434
3436
3438
3439
3440
3441
3442
3443
3444
3445
3446
3449
3450
3452
3454
3456
3457
3458
3459
3460
3462
3463
3465
3466
3467
3470
3471
3474
3475
3476
3477
3479
3480
3481
3483
3485
3486
3487
3488
3490
3492
3494
3497
3498
3499
3500
3502
3503
3506
3507
3508
3509
3512
3514
3520
3524
3525
3528
3530
3531
3533
3535
3537
3542
3544
3546
3547
3548
3554
3555
3557
3558
3559
3561
3562
3563
3565
3567
3568
3570
3573
3574
3576
3577
3578
3581
3582
3584
3585
3588
3589
3590
3591
3592
3593
3594
3597
3600
3601
3603
3606
3607
3609
3612
3613
3618
3620
3621
3622
3625
3627
3628
3629
3630
3631
3632
3633
3634
3636
3637
3638
3639
3642
3644
3645
3646
3649
3650
3651
3653
3655
3657
3659
3660
3662
3665
3670
3673
3674
3675
3677
3678
3679
3680
3681
3682
3683
3687
3688
3690
3691
3693
3694
3695
3696
3697
3698
3699
3701
3702
3706
3707
3711
3712
3713
3715
3716
3717
3719
3721
3722
3727
3730
3732
3734
3735
3737
3738
3740
3741
3744
3745
3747
3750
3753
3755
3756
3758
3761
3762
3763
3766
3767
3768
3769
3770
3772
3775
3777
3781
3782
3789
3790
3791
3792
3794
3795
3798
3800
3801
3802
3803
3805
3806
3807
3808
3809
3810
3811
3813
3814
3819
3820
3821
3822
3824
3826
3827
3829
3831
3833
3836
3837
3840
3842
3843
3844
3845
3846
3847
3848
3849
3851
3852
3854
3855
3858
3859
3860
3863
3864
3866
3867
3868
3870
3872
3874
3877
3879
3880
3882
3884
3885
3889
3890
3891
3892
3893
3894
3895
3896
3897
3898
3899
3902
3904
3905
3909
3910
3911
3912
3914
3916
3917
3919
3920
3921
3922
3923
3924
3925
3927
3930
3932
3935
3936
3939
3941
3942
3944
3946
3949
3954
3955
3959
3960
3962
3964
3965
3967
3968
3969
3970
3972
3974
3975
3976
3977
3979
3982
3983
3986
3987
3988
3989
3990
3994
3996
3999
4001
4003
4005
4006
4007
4010
4011
4015
4016
4018
4019
4021
4023
4024
4028
4029
4034
4035
4036
4037
4040
4042
4044
4045
4046
4047
4050
4051
4053
4057
4058
4059
4060
4061
4063
4066
4067
4068
4070
4073
4075
4077
4078
4080
4081
4082
4084
4085
4088
4089
4091
4093
4096
4097
4098
4099
4100
4101
4102
4104
4105
4106
4109
4110
4111
4112
4114
4117
4122
4125
4128
4129
4130
4131
4132
4135
4136
4137
4139
4141
4142
4146
4147
4148
4150
4151
4152
4153
4154
4157
4158
4159
4160
4162
4163
4166
4167
4171
4173
4175
4180
4181
4182
4184
4185
4186
4189
4192
4194
4195
4197
4198
4201
4202
4204
4206
4207
4208
4212
4213
4214
4218
4220
4221
4222
4224
4225
4228
4230
4231
4232
4233
4235
4236
4237
4238
4239
4245
4246
4247
4248
4249
4250
4253
4254
4255
4256
4258
4259
4261
4262
4263
4264
4265
4266
4270
4273
4275
4276
4277
4278
4279
4281
4282
4286
4287
4288
4293
4295
4296
4299
4302
4303
4305
4306
4308
4309
4310
4311
4312
4313
4314
4315
4316
4317
4319
4320
4323
4325
4326
4328
4329
4330
4331
4333
4336
4338
4339
4340
4343
4344
4345
4346
4350
4351
4352
4353
4355
4356
4360
4362
4363
4364
4365
4366
4368
4369
4372
4374
4375
4376
4378
4379
4382
4383
4384
4385
4387
4389
4390
4391
4392
4394
4396
4399
4400
4401
4404
4405
4406
4407
4408
4409
4410
4411
4412
4414
4415
4417
4418
4419
4420
4421
4422
4423
4424
4425
4426
4427
4428
4430
4431
4432
4434
4437
4440
4443
4444
4446
4447
4450
4451
4453
4454
4455
4456
4457
4458
4460
4462
4463
4465
4466
4467
4473
4474
4475
4476
4477
4480
4481
4482
4485
4486
4488
4489
4490
4492
4493
4496
4498
4501
4502
4506
4507
4509
4510
4511
4512
4513
4517
4518
4521
4523
4524
4528
4529
4530
4531
4533
4536
4538
4540
4541
4544
4545
4546
4547
4548
4550
4551
4552
4553
4554
4555
4556
4557
4559
4560
4561
4562
4564
4567
4569
4570
4571
4572
4574
4576
4578
4579
4594
4596
4597
4598
4599
4600
4604
4607
4610
4611
4612
4613
4616
4617
4619
4620
4621
4622
4624
4625
4626
4627
4628
4632
4634
4635
4637
4638
4639
4640
4641
4643
4645
4646
4647
4650
4651
4652
4653
4654
4655
4656
4658
4659
4661
4662
4663
4664
4665
4668
4669
4670
4672
4673
4674
4675
4676
4677
4679
4680
4681
4682
4683
4684
4685
4686
4688
4689
4690
4692
4697
4699
4700
4701
4702
4703
4705
4706
4708
4709
4710
4711
4715
4716
4717
4718
4719
4722
4723
4725
4727
4728
4729
4731
4732
4734
4735
4736
4737
4742
4743
4745
4746
4749
4751
4752
4755
4756
4757
4759
4760
4761
4762
4763
4764
4765
4766
4767
4769
4770
4771
4772
4773
4775
4777
4778
4779
4781
4782
4783
4784
4787
4788
4789
4791
4792
4793
4794
4797
4798
4799
4800
4804
4806
4808
4810
4812
4813
4814
4817
4821
4822
4823
4824
4827
4828
4830
4831
4832
4833
4836
4837
4839
4840
4843
4844
4845
4847
4848
4849
4851
4853
4854
4855
4857
4861
4862
4863
4864
4865
4869
4870
4871
4873
4875
4876
4877
4880
4882
4883
4884
4885
4886
4887
4888
4890
4891
4892
4893
4894
4895
4898
4899
4900
4901
4903
4904
4905
4906
4907
4908
4909
4912
4913
4915
4918
4920
4922
4923
4924
4925
4926
4927
4928
4929
4930
4931
4932
4933
4935
4936
4937
4941
4942
4944
4945
4946
4947
4948
4950
4951
4954
4957
4958
4959
4960
4961
4962
4963
4964
4966
4967
4968
4969
4971
4972
4974
4975
4976
4977
4978
4979
4980
4981
4982
4983
4984
4985
4987
4988
4989
4990
4992
4993
4994
4995
4996
4997
4998
5000
5001
5002
5003
5005
5006
5010
5012
5013
5014
5016
5019
5020
5021
5022
5023
5024
5025
5027
5030
5031
5032
5033
5035
5036
5037
5038
5045
5046
5049
5050
5051
5052
5054
5057
5058
5059
5060
5062
5063
5067
5069
5071
5073
5075
5076
5078
5079
5080
5082
5083
5084
5085
5086
5088
5089
5090
5091
5093
5094
5095
5097
5098
5099
5102
5103
5104
5105
5106
5107
5108
5111
5112
5113
5117
5118
5119
5120
5121
5122
5123
5124
5126
5127
5128
5131
5133
5134
5135
5136
5138
5139
5142
5143
5144
5145
5148
5149
5151
5152
5153
5154
5155
5157
5159
5160
5162
5163
5164
5165
5168
5169
5172
5173
5174
5175
5176
5177
5178
5179
5180
5181
5182
5183
5184
5188
5189
5190
5191
5193
5194
5196
5197
5200
5202
5203
5204
5205
5206
5207
5209
5210
5213
5217
5218
5220
5222
5223
5224
5225
5226
5227
5229
5230
5232
5239
5240
5241
5244
5247
5248
5250
5252
5253
5254
5255
5256
5259
5260
5266
5267
5268
5269
5270
5271
5272
5273
5274
5277
5279
5280
5281
5284
5286
5287
5288
5289
5291
5292
5293
5295
5296
5299
5301
5304
5305
5306
5307
5313
5314
5315
5316
5318
5319
5320
5321
5322
5323
5326
5327
5328
5329
5330
5331
5335
5336
5338
5340
5341
5343
5345
5347
5350
5351
5352
5353
5355
5356
5357
5358
5360
5361
5362
5364
5365
5367
5369
5372
5373
5374
5376
5378
5379
5380
5381
5384
5385
5388
5389
5390
5391
5392
5396
5397
5402
5405
5408
5411
5413
5414
5415
5416
5417
5418
5421
5423
5425
5426
5427
5431
5432
5433
5435
5438
5439
5441
5445
5446
5447
5448
5449
5450
5451
5456
5458
5461
5462
5463
5465
5466
5470
5472
5473
5475
5476
5477
5480
5481
5482
5483
5485
5487
5488
5489
5490
5491
5492
5494
5498
5499
5504
5506
5508
5510
5511
5512
5513
5514
5515
5516
5517
5518
5521
5523
5524
5525
5527
5530
5531
5532
5533
5534
5535
5536
5537
5538
5539
5540
5541
5543
5545
5548
5549
5550
5552
5554
5555
5559
5560
5561
5565
5566
5568
5569
5570
5571
5573
5575
5576
5577
5578
5579
5580
5581
5583
5584
5585
5587
5591
5592
5593
5594
5595
5596
5597
5599
5601
5602
5603
5605
5607
5608
5609
5610
5611
5612
5613
5614
5616
5617
5621
5622
5624
5625
5627
5628
5630
5634
5635
5636
5637
5638
5639
5640
5641
5642
5643
5644
5645
5646
5647
5648
5649
5650
5654
5656
5657
5659
5660
5661
5662
5663
5664
5666
5667
5668
5669
5670
5671
5672
5673
5675
5676
5677
5678
5679
5680
5681
5682
5683
5684
5686
5687
5689
5691
5692
5693
5696
5699
5701
5702
5704
5706
5707
5708
5709
5710
5714
5715
5716
5717
5720
5721
5722
5723
5724
5725
5728
5729
5730
5731
5732
5733
5741
5742
5743
5744
5745
5747
5748
5749
5750
5751
5752
5753
5754
5758
5759
5760
5764
5765
5766
5767
5768
5769
5770
5771
5773
5776
5779
5780
5782
5783
5784
5789
5791
5792
5793
5795
5796
5797
5799
5800
5801
5802
5803
5805
5808
5810
5811
5812
5813
5814
5818
5819
5821
5824
5825
5827
5828
5832
5835
5836
5838
5841
5843
5844
5845
5846
5847
5848
5849
5850
5851
5852
5853
5854
5855
5856
5857
5859
5865
5866
5867
5869
5871
5872
5874
5875
5876
5877
5879
5880
5881
5882
5883
5884
5885
5888
5893
5894
5896
5898
5900
5901
5904
5906
5907
5909
5912
5913
5914
5915
5916
5917
5918
5919
5920
5921
5925
5926
5927
5928
5929
5930
5931
5932
5934
5935
5938
5939
5940
5943
5945
5946
5949
5950
5951
5952
5955
5956
5957
5958
5959
5960
5962
5963
5964
5966
5969
5970
5971
5972
5975
5977
5978
5979
5981
5983
5984
5986
5987
5989
5990
5992
5993
5994
5995
5996
5997
5998
5999
6000
6001
6003
6004
6005
6006
6007
6008
6012
6013
6015
6020
6022
6025
6027
6028
6029
6031
6032
6034
6039
6040
6041
6042
6043
6044
6045
6046
6047
6048
6049
6050
6051
6053
6054
6056
6057
6059
6060
6064
6066
6067
6068
6072
6073
6074
6075
6076
6077
6078
6079
6081
6082
6083
6085
6086
6087
6088
6089
6093
6094
6095
6097
6098
6099
6100
6103
6104
6106
6109
6110
6111
6113
6114
6115
6116
6117
6119
6120
6121
6123
6124
6125
6126
6128
6130
6131
6134
6140
6142
6143
6145
6147
6149
6150
6151
6152
6153
6154
6157
6158
6160
6162
6164
6166
6167
6168
6169
6170
6172
6173
6175
6179
6182
6183
6184
6185
6188
6191
6192
6194
6195
6196
6199
6200
6201
6204
6205
6206
6207
6208
6211
6212
6213
6214
6215
6216
6219
6220
6224
6225
6228
6230
6232
6233
6234
6235
6237
6238
6239
6240
6242
6244
6245
6246
6247
6249
6250
6251
6253
6254
6256
6258
6260
6261
6262
6265
6266
6269
6273
6275
6276
6278
6280
6281
6282
6283
6284
6286
6287
6288
6289
6290
6293
6294
6295
6296
6298
6299
6300
6304
6305
6306
6307
6309
6310
6311
6314
6315
6316
6319
6320
6323
6325
6326
6328
6329
6330
6333
6334
6335
6336
6338
6342
6343
6344
6345
6346
6347
6348
6349
6350
6352
6355
6356
6358
6359
6360
6362
6366
6367
6370
6371
6372
6375
6377
6380
6383
6384
6385
6386
6387
6388
6390
6392
6393
6394
6395
6398
6399
6400
6403
6406
6407
6409
6410
6413
6415
6416
6417
6418
6421
6422
6423
6424
6425
6426
6428
6429
6431
6432
6433
6434
6436
6439
6440
6441
6442
6444
6445
6447
6448
6449
6450
6452
6454
6458
6459
6460
6461
6462
6463
6464
6465
6466
6467
6468
6469
6472
6473
6476
6481
6483
6484
6485
6486
6488
6493
6497
6498
6503
6504
6506
6507
6509
6510
6512
6513
6514
6518
6520
6521
6522
6523
6524
6525
6526
6529
6531
6532
6533
6535
6537
6538
6539
6541
6542
6543
6544
6545
6546
6547
6548
6549
6550
6551
6553
6554
6555
6556
6558
6559
6562
6566
6567
6568
6569
6570
6571
6572
6574
6576
6577
6578
6580
6582
6583
6584
6585
6587
6589
6592
6594
6596
6599
6601
6602
6603
6604
6607
6608
6610
6613
6619
6623
6624
6625
6627
6628
6629
6630
6631
6632
6633
6634
6637
6638
6640
6641
6642
6643
6644
6647
6651
6652
6653
6654
6655
6656
6657
6658
6661
6663
6666
6667
6668
6669
6670
6671
6673
6674
6675
6676
6677
6678
6679
6683
6684
6687
6689
6691
6693
6694
6698
6699
6700
6701
6702
6704
6706
6709
6710
6711
6714
6716
6717
6718
6720
6723
6727
6728
6731
6734
6735
6736
6737
6739
6740
6742
6744
6745
6746
6747
6748
6750
6751
6755
6757
6759
6760
6761
6764
6766
6767
6768
6771
6772
6773
6774
6776
6777
6778
6781
6782
6783
6784
6785
6787
6788
6790
6792
6793
6796
6798
6799
6804
6805
6806
6808
6809
6810
6811
6813
6815
6816
6817
6818
6819
6821
6823
6824
6826
6828
6829
6830
6831
6832
6833
6835
6837
6838
6839
6840
6842
6844
6845
6846
6847
6848
6850
6852
6855
6856
6857
6860
6861
6862
6864
6866
6867
6868
6869
6872
6873
6875
6877
6879
6880
6881
6882
6883
6884
6887
6888
6891
6894
6897
6898
6899
6900
6901
6902
6907
6908
6909
6911
6912
6914
6917
6918
6919
6920
6923
6924
6929
6931
6933
6934
6936
6941
6942
6943
6945
6946
6947
6948
6951
6952
6954
6955
6959
6961
6962
6963
6965
6966
6968
6969
6970
6974
6978
6979
6982
6983
6985
6986
6988
6989
6992
6993
6994
6996
6997
6999
7000
7001
7005
7006
7007
7008
7010
7011
7013
7014
7015
7016
7018
7019
7021
7024
7025
7029
7034
7036
7037
7038
7041
7043
7044
7048
7050
7051
7052
7054
7058
7060
7061
7063
7068
7069
7070
7072
7073
7074
7076
7077
7079
7080
7084
7085
7086
7087
7088
7090
7091
7093
7094
7095
7096
7097
7098
7099
7100
7102
7103
7104
7105
7109
7110
7111
7112
7114
7115
7116
7117
7118
7120
7121
7124
7128
7129
7130
7131
7132
7135
7136
7140
7141
7142
7143
7144
7146
7147
7150
7152
7154
7155
7157
7158
7159
7161
7162
7163
7166
7167
7168
7169
7170
7173
7174
7175
7176
7177
7180
7182
7183
7185
7187
7189
7193
7194
7195
7196
7197
7198
7199
7200
7201
7202
7204
7205
7208
7210
7212
7213
7217
7218
7222
7224
7225
7226
7227
7229
7230
7231
7232
7234
7235
7236
7237
7238
7240
7241
7242
7244
7246
7247
7248
7249
7251
7252
7253
7255
7258
7259
7260
7261
7262
7263
7264
7270
7271
7272
7274
7275
7276
7278
7279
7280
7281
7282
7283
7284
7286
7287
7288
7290
7294
7295
7296
7297
7298
7299
7300
7301
7302
7305
7306
7308
7309
7310
7313
7316
7318
7319
7320
7321
7322
7323
7324
7325
7326
7327
7329
7330
7331
7332
7333
7338
7341
7342
7343
7346
7347
7348
7351
7355
7356
7357
7358
7361
7362
7363
7364
7366
7368
7375
7376
7379
7382
7383
7384
7385
7386
7387
7388
7390
7392
7394
7395
7397
7398
7399
7401
7404
7406
7407
7408
7411
7412
7415
7416
7419
7420
7421
7422
7425
7427
7428
7429
7430
7431
7434
7435
7437
7438
7439
7441
7444
7446
7448
7449
7451
7454
7456
7461
7462
7465
7468
7469
7470
7472
7473
7474
7475
7477
7479
7481
7482
7483
7485
7486
7487
7488
7489
7490
7491
7492
7493
7495
7496
7499
7500
7501
7504
7509
7510
7511
7512
7514
7515
7518
7519
7520
7521
7522
7524
7526
7527
7529
7530
7531
7533
7536
7537
7538
7542
7543
7544
7545
7547
7548
7549
7552
7554
7555
7556
7559
7560
7561
7562
7563
7566
7567
7570
7575
7576
7577
7578
7580
7581
7584
7587
7589
7591
7592
7594
7595
7596
7597
7598
7601
7602
7603
7604
7606
7608
7610
7613
7622
7623
7625
7626
7629
7630
7633
7634
7635
7638
7639
7641
7642
7643
7644
7646
7647
7648
7652
7659
7661
7662
7663
7665
7667
7668
7669
7672
7673
7677
7680
7681
7684
7685
7687
7688
7692
7693
7695
7700
7702
7703
7707
7708
7712
7715
7716
7718
7719
7722
7724
7725
7726
7727
7728
7730
7732
7735
7738
7739
7740
7741
7743
7746
7749
7750
7751
7753
7754
7755
7758
7760
7761
7762
7765
7766
7767
7770
7771
7773
7774
7775
7776
7778
7781
7782
7783
7784
7785
7787
7789
7790
7792
7793
7794
7795
7796
7797
7798
7799
7800
7801
7802
7805
7808
7812
7813
7814
7815
7816
7817
7818
7819
7821
7822
7823
7828
7829
7831
7832
7833
7836
7837
7841
7842
7843
7844
7845
7846
7847
7848
7849
7850
7851
7852
7854
7858
7859
7860
7861
7863
7864
7866
7867
7868
7872
7873
7876
7878
7879
7881
7882
7885
7886
7888
7890
7891
7892
7893
7894
7896
7898
7899
7901
7905
7906
7907
7908
7909
7911
7912
7913
7916
7917
7919
7922
7923
7924
7927
7929
7930
7931
7937
7938
7939
7940
7941
7942
7943
7944
7948
7950
7952
7953
7954
7955
7957
7959
7960
7961
7962
7967
7968
7969
7970
7971
7976
7978
7980
7981
7983
7984
7985
7986
7987
7988
7989
7990
7991
7994
7995
7997
7998
7999
8000
8002
8004
8006
8007
8008
8009
8012
8013
8014
8015
8016
8019
8020
8021
8022
8025
8026
8027
8028
8029
8031
8032
8033
8036
8038
8039
8040
8045
8047
8048
8049
8051
8052
8053
8054
8055
8056
8057
8058
8059
8060
8061
8062
8063
8064
8065
8066
8069
8070
8071
8072
8073
8074
8075
8078
8080
8081
8082
8083
8086
8087
8088
8089
8090
8091
8093
8095
8096
8098
8099
8100
8101
8105
8106
8107
8108
8110
8111
8112
8114
8115
8117
8119
8120
8121
8122
8123
8125
8127
8128
8132
8133
8134
8135
8136
8138
8140
8141
8142
8143
8144
8146
8147
8148
8150
8153
8154
8155
8156
8158
8159
8161
8162
8163
8165
8167
8168
8170
8173
8174
8178
8179
8181
8182
8185
8186
8187
8188
8189
8190
8192
8194
8195
8196
8198
8201
8202
8203
8204
8205
8206
8210
8211
8214
8215
8216
8218
8219
8220
8221
8222
8223
8225
8229
8230
8233
8239
8241
8247
8248
8249
8251
8252
8253
8254
8255
8256
8258
8259
8260
8261
8262
8265
8266
8268
8269
8271
8273
8274
8275
8277
8279
8280
8281
8282
8288
8289
8290
8291
8292
8294
8295
8297
8300
8301
8304
8306
8307
8310
8311
8312
8314
8316
8318
8320
8321
8322
8323
8324
8325
8326
8327
8328
8329
8331
8332
8334
8337
8341
8343
8344
8345
8346
8347
8349
8350
8352
8354
8356
8357
8358
8359
8361
8364
8366
8367
8369
8371
8372
8375
8376
8377
8379
8382
8383
8386
8387
8388
8389
8391
8395
8396
8397
8399
8400
8401
8402
8405
8408
8410
8411
8415
8419
8420
8422
8423
8424
8428
8429
8432
8435
8436
8437
8438
8443
8444
8446
8453
8454
8455
8459
8460
8466
8468
8469
8471
8472
8475
8476
8478
8479
8480
8483
8485
8486
8487
8488
8489
8491
8492
8493
8494
8496
8498
8499
8500
8503
8504
8505
8506
8507
8508
8509
8510
8512
8514
8515
8519
8520
8521
8523
8526
8527
8529
8530
8534
8535
8536
8538
8539
8540
8541
8543
8544
8545
8546
8547
8548
8549
8550
8551
8553
8555
8556
8558
8561
8562
8564
8565
8568
8570
8571
8572
8575
8576
8577
8580
8581
8582
8583
8584
8585
8586
8587
8588
8589
8592
8594
8595
8596
8599
8600
8602
8603
8605
8606
8607
8608
8611
8613
8616
8619
8621
8622
8623
8624
8625
8626
8627
8629
8630
8631
8634
8636
8637
8638
8639
8640
8642
8643
8645
8648
8649
8651
8652
8654
8655
8656
8657
8658
8659
8661
8662
8664
8665
8669
8670
8673
8674
8676
8679
8680
8683
8685
8687
8688
8690
8691
8692
8693
8694
8695
8696
8697
8698
8702
8704
8707
8708
8709
8710
8711
8716
8718
8719
8720
8721
8722
8723
8724
8725
8726
8727
8728
8729
8730
8732
8733
8735
8736
8738
8739
8742
8743
8744
8745
8746
8747
8749
8750
8751
8752
8753
8758
8759
8760
8761
8762
8765
8766
8767
8768
8769
8771
8772
8773
8774
8778
8779
8780
8781
8782
8783
8784
8789
8791
8792
8793
8794
8796
8797
8799
8800
8802
8803
8804
8806
8807
8808
8810
8812
8814
8818
8819
8820
8823
8825
8826
8829
8830
8831
8837
8838
8840
8841
8842
8846
8847
8850
8852
8853
8854
8856
8858
8859
8862
8864
8865
8866
8868
8869
8870
8871
8872
8873
8874
8875
8876
8879
8881
8885
8886
8888
8889
8890
8891
8892
8894
8895
8897
8898
8899
8902
8909
8910
8911
8913
8915
8916
8918
8920
8921
8923
8926
8930
8932
8933
8934
8935
8936
8937
8938
8939
8941
8942
8946
8949
8950
8951
8954
8955
8956
8957
8958
8959
8960
8961
8962
8966
8971
8976
8978
8979
8980
8981
8983
8984
8985
8987
8988
8989
8990
8991
8992
8993
8994
8998
8999
9000
9004
9005
9006
9007
9008
9009
9010
9011
9012
9013
9014
9016
9017
9018
9020
9021
9026
9028
9029
9032
9036
9037
9038
9039
9041
9042
9043
9046
9047
9048
9049
9050
9051
9052
9053
9055
9057
9058
9059
9060
9061
9063
9064
9066
9072
9073
9074
9075
9076
9077
9078
9079
9080
9081
9082
9084
9085
9086
9089
9090
9092
9093
9095
9096
9098
9099
9100
9102
9103
9104
9106
9108
9112
9114
9115
9118
9119
9120
9121
9122
9123
9124
9125
9126
9127
9128
9129
9130
9131
9133
9134
9138
9139
9143
9144
9145
9146
9147
9149
9150
9152
9154
9155
9156
9158
9159
9160
9164
9165
9166
9167
9168
9169
9171
9173
9175
9176
9177
9180
9182
9184
9185
9187
9188
9189
9193
9196
9199
9201
9204
9208
9211
9213
9214
9215
9216
9217
9219
9220
9221
9222
9223
9224
9225
9229
9230
9231
9232
9233
9235
9236
9237
9238
9239
9240
9241
9242
9243
9246
9247
9248
9250
9251
9254
9255
9256
9258
9263
9264
9267
9268
9269
9270
9271
9272
9273
9275
9276
9277
9278
9279
9280
9282
9284
9285
9286
9289
9291
9292
9294
9295
9298
9299
9302
9304
9305
9307
9309
9310
9312
9313
9314
9315
9318
9319
9324
9326
9327
9329
9330
9331
9332
9335
9336
9337
9338
9339
9340
9341
9342
9343
9344
9345
9346
9347
9348
9351
9353
9354
9355
9356
9357
9359
9360
9361
9363
9364
9365
9366
9367
9370
9371
9372
9374
9377
9378
9379
9380
9383
9384
9386
9387
9389
9390
9392
9393
9394
9395
9398
9399
9400
9401
9402
9403
9404
9406
9410
9415
9416
9417
9418
9419
9420
9421
9423
9424
9426
9429
9431
9432
9433
9434
9438
9439
9440
9442
9443
9444
9445
9447
9448
9449
9450
9451
9452
9453
9454
9455
9457
9458
9460
9461
9462
9463
9465
9466
9467
9471
9472
9474
9478
9480
9481
9482
9483
9486
9487
9488
9489
9490
9494
9496
9499
9502
9503
9505
9506
9507
9508
9510
9513
9515
9517
9518
9520
9521
9522
9523
9526
9528
9529
9530
9532
9535
9538
9539
9541
9542
9544
9546
9547
9549
9551
9552
9556
9559
9560
9561
9562
9563
9564
9567
9569
9570
9572
9573
9574
9576
9577
9579
9580
9581
9582
9584
9585
9586
9587
9588
9590
9591
9593
9598
9599
9601
9602
9603
9606
9607
9608
9610
9611
9612
9613
9615
9616
9619
9620
9621
9622
9623
9624
9625
9627
9628
9630
9633
9634
9636
9637
9638
9639
9640
9642
9647
9648
9649
9651
9652
9653
9655
9659
9661
9662
9663
9669
9670
9671
9673
9676
9677
9678
9681
9683
9684
9685
9689
9693
9694
9695
9696
9697
9698
9699
9701
9702
9704
9705
9706
9707
9708
9709
9710
9711
9713
9714
9716
9717
9718
9719
9721
9723
9725
9726
9728
9729
9730
9731
9732
9733
9734
9737
9738
9739
9740
9741
9742
9744
9749
9751
9752
9754
9755
9757
9758
9760
9761
9762
9763
9764
9768
9775
9776
9777
9781
9782
9783
9784
9788
9789
9790
9791
9792
9793
9795
9799
9800
9801
9802
9804
9805
9807
9809
9812
9814
9816
9817
9818
9819
9822
9823
9824
9826
9828
9829
9830
9831
9832
9833
9834
9835
9836
9837
9838
9840
9841
9843
9846
9847
9848
9849
9850
9852
9857
9861
9862
9864
9865
9866
9869
9871
9873
9875
9879
9880
9883
9887
9888
9889
9890
9892
9893
9894
9895
9896
9897
9899
9902
9903
9909
9911
9913
9914
9915
9916
9918
9919
9920
9921
9922
9923
9924
9925
9926
9927
9928
9929
9930
9931
9932
9935
9937
9938
9939
9940
9945
9947
9951
9952
9953
9956
9957
9961
9962
9963
9964
9965
9966
9968
9969
9970
9971
9972
9973
9974
9976
9977
9978
9980
9981
9983
9986
9987
9988
9993
9994
9995
9999
10002
10004
10005
10006
10007
10008
10010
10011
10012
10013
10014
10015
10017
10018
10019
10022
10024
10026
10027
10028
10030
10031
10032
10033
10034
10036
10038
10039
10042
10046
10047
10050
10052
10053
10055
10057
10059
10060
10061
10062
10064
10065
10066
10067
10068
10069
10073
10074
10077
10078
10079
10081
10082
10088
10089
10091
10092
10093
10094
10095
10096
10097
10099
10100
10103
10107
10108
10110
10111
10112
10114
10116
10117
10118
10119
10120
10121
10129
10130
10131
10132
10133
10134
10135
10136
10138
10139
10140
10141
10143
10148
10152
10156
10157
10159
10160
10161
10162
10163
10164
10166
10167
10168
10169
10170
10171
10172
10173
10174
10175
10176
10177
10179
10182
10183
10184
10188
10189
10190
10192
10195
10197
10199
10201
10202
10206
10207
10210
10213
10214
10216
10217
10218
10219
10220
10221
10222
10225
10227
10228
10229
10230
10231
10232
10233
10235
10237
10239
10241
10243
10244
10247
10248
10249
10250
10251
10252
10253
10255
10256
10258
10260
10262
10263
10265
10267
10268
10270
10271
10273
10274
10276
10277
10283
10285
10286
10288
10291
10292
10293
10294
10295
10296
10297
10299
10300
10302
10303
10304
10307
10310
10311
10312
10313
10321
10322
10325
10326
10328
10330
10331
10333
10336
10338
10340
10341
10342
10343
10345
10347
10348
10351
10352
10353
10355
10356
10358
10359
10360
10362
10363
10364
10366
10367
10368
10372
10373
10377
10380
10382
10384
10385
10386
10387
10388
10389
10390
10391
10394
10395
10396
10397
10398
10399
10402
10403
10404
10405
10407
10408
10410
10413
10415
10416
10417
10418
10419
10420
10421
10422
10423
10424
10425
10426
10428
10430
10433
10434
10437
10438
10440
10441
10442
10443
10445
10447
10451
10452
10453
10455
10457
10458
10459
10460
10461
10462
10463
10464
10465
10466
10469
10473
10476
10477
10478
10480
10481
10482
10483
10485
10486
10487
10489
10493
10496
10497
10498
10500
10504
10505
10506
10507
10508
10509
10514
10515
10516
10517
10518
10519
10520
10524
10525
10526
10527
10528
10529
10531
10533
10534
10535
10536
10537
10538
10542
10544
10545
10548
10549
10550
10552
10553
10554
10555
10557
10558
10559
10561
10562
10564
10565
10566
10567
10568
10570
10571
10573
10574
10578
10580
10581
10582
10584
10585
10586
10588
10589
10590
10595
10597
10599
10602
10603
10604
10606
10607
10609
10611
10612
10613
10614
10617
10618
10620
10621
10622
10623
10625
10626
10627
10628
10629
10631
10632
10633
10635
10637
10638
10639
10640
10641
10642
10644
10645
10646
10648
10649
10650
10651
10652
10653
10654
10658
10659
10661
10663
10664
10668
10669
10670
10671
10672
10673
10675
10677
10680
10681
10682
10684
10685
10688
10689
10690
10691
10693
10694
10695
10696
10697
10698
10699
10701
10702
10703
10705
10706
10707
10708
10709
10711
10714
10715
10716
10717
10718
10719
10720
10721
10722
10723
10724
10728
10731
10733
10735
10737
10739
10740
10742
10743
10744
10745
10746
10751
10752
10755
10756
10758
10762
10763
10765
10766
10770
10771
10773
10774
10778
10779
10780
10784
10785
10786
10787
10788
10789
10790
10791
10792
10795
10802
10803
10804
10805
10806
10807
10808
10809
10810
10815
10817
10818
10819
10821
10822
10824
10825
10828
10829
10830
10831
10832
10834
10835
10837
10839
10840
10841
10843
10847
10849
10850
10851
10853
10854
10855
10856
10857
10859
10860
10861
10863
10865
10866
10868
10869
10870
10871
10873
10876
10878
10880
10883
10884
10888
10889
10890
10898
10901
10902
10906
10908
10910
10911
10912
10914
10915
10916
10917
10918
10920
10921
10924
10927
10929
10933
10934
10936
10937
10939
10940
10941
10943
10944
10945
10946
10947
10948
10949
10950
10951
10952
10959
10960
10961
10966
10967
10968
10969
10970
10972
10973
10974
10976
10978
10981
10982
10985
10986
10987
10989
10990
10994
10995
10996
10999
11001
11002
11003
11004
11005
11006
11007
11008
11011
11017
11018
11019
11020
11022
11026
11027
11028
11029
11030
11033
11034
11035
11036
11037
11038
11040
11043
11044
11045
11046
11048
11049
11050
11051
11052
11053
11055
11058
11060
11061
11063
11067
11069
11072
11073
11074
11075
11077
11079
11080
11081
11082
11084
11086
11088
11089
11092
11093
11094
11095
11097
11099
11101
11102
11103
11104
11106
11107
11108
11110
11111
11112
11113
11114
11117
11119
11122
11123
11125
11126
11127
11128
11131
11132
11133
11134
11136
11137
11138
11140
11141
11142
11143
11144
11145
11147
11149
11150
11151
11153
11157
11158
11161
11163
11166
11167
11168
11169
11174
11175
11176
11177
11180
11182
11184
11185
11187
11189
11191
11192
11193
11194
11197
11198
11200
11201
11204
11205
11208
11209
11210
11211
11213
11215
11216
11217
11218
11221
11222
11223
11224
11225
11227
11231
11232
11234
11236
11237
11242
11243
11248
11249
11252
11254
11255
11256
11257
11259
11260
11261
11264
11266
11269
11270
11271
11273
11274
11275
11276
11278
11279
11280
11281
11284
11287
11288
11290
11294
11295
11297
11299
11302
11303
11304
11305
11309
11311
11313
11314
11315
11316
11318
11319
11320
11324
11325
11327
11330
11331
11332
11334
11335
11336
11337
11338
11340
11342
11343
11344
11345
11348
11349
11351
11352
11353
11354
11355
11356
11358
11359
11362
11363
11364
11365
11366
11369
11370
11371
11372
11373
11374
11376
11378
11380
11381
11382
11384
11385
11386
11387
11388
11390
11391
11393
11394
11395
11397
11398
11400
11401
11402
11403
11405
11406
11408
11409
11410
11411
11414
11415
11416
11418
11419
11421
11424
11425
11427
11429
11430
11431
11433
11435
11436
11437
11439
11440
11451
11452
11453
11454
11455
11457
11458
11459
11461
11462
11464
11465
11466
11467
11470
11472
11473
11475
11478
11480
11481
11483
11484
11486
11487
11488
11491
11493
11495
11496
11497
11499
11501
11503
11504
11507
11516
11517
11518
11519
11520
11522
11523
11524
11525
11527
11528
11530
11531
11533
11534
11536
11537
11541
11542
11543
11546
11547
11549
11550
11551
11553
11554
11557
11558
11559
11562
11563
11565
11568
11570
11576
11577
11580
11581
11582
11585
11586
11587
11591
11592
11593
11595
11596
11597
11598
11603
11604
11606
11607
11611
11616
11618
11619
11623
11625
11629
11630
11631
11632
11633
11636
11637
11639
11640
11642
11643
11644
11650
11652
11654
11656
11657
11658
11659
11660
11662
11663
11664
11665
11666
11667
11668
11669
11671
11672
11674
11675
11676
11677
11678
11680
11681
11682
11683
11685
11687
11688
11689
11690
11692
11693
11695
11696
11697
11699
11701
11702
11708
11709
11710
11711
11712
11713
11715
11716
11717
11720
11721
11722
11724
11725
11726
11727
11728
11730
11731
11732
11734
11735
11737
11738
11739
11740
11741
11742
11744
11745
11746
11747
11748
11750
11751
11754
11755
11756
11758
11759
11760
11762
11763
11764
11769
11770
11771
11772
11775
11777
11780
11781
11782
11783
11785
11786
11787
11790
11792
11793
11799
11800
11801
11804
11805
11806
11807
11808
11811
11812
11814
11815
11816
11817
11818
11820
11821
11822
11823
11826
11827
11828
11830
11831
11832
11833
11837
11840
11841
11842
11844
11846
11850
11851
11852
11853
11855
11857
11860
11861
11862
11863
11864
11867
11868
11873
11874
11877
11878
11881
11883
11885
11888
11891
11893
11894
11895
11896
11897
11899
11901
11902
11903
11904
11906
11907
11908
11909
11910
11912
11913
11914
11915
11916
11918
11919
11920
11921
11922
11924
11925
11926
11929
11930
11936
11938
11939
11941
11943
11947
11949
11951
11953
11956
11957
11960
11962
11963
11964
11965
11966
11967
11969
11970
11971
11972
11973
11974
11982
11984
11985
11987
11991
11992
11993
11997
11998
12000
12003
12005
12007
12008
12009
12015
12016
12019
12020
12022
12023
12024
12026
12027
12028
12030
12031
12032
12037
12038
12039
12041
12042
12045
12047
12049
12053
12055
12057
12058
12059
12060
12062
12063
12064
12065
12068
12070
12071
12072
12073
12074
12075
12076
12077
12079
12080
12081
12082
12083
12087
12088
12090
12092
12093
12094
12096
12098
12101
12102
12103
12104
12105
12106
12108
12109
12111
12112
12113
12114
12115
12116
12117
12118
12120
12121
12122
12123
12124
12126
12128
12129
12130
12134
12137
12138
12140
12143
12144
12145
12146
12148
12149
12151
12155
12158
12159
12160
12161
12163
12164
12165
12167
12170
12171
12172
12173
12175
12176
12177
12178
12179
12180
12182
12186
12188
12189
12191
12192
12193
12196
12197
12198
12200
12203
12204
12205
12206
12207
12211
12212
12213
12214
12217
12219
12220
12222
12223
12224
12225
12226
12227
12229
12231
12235
12236
12237
12239
12243
12244
12245
12247
12248
12250
12254
12255
12256
12257
12260
12261
12262
12263
12266
12268
12271
12273
12274
12275
12277
12278
12280
12281
12283
12284
12287
12289
12291
12292
12293
12295
12298
12299
12300
12302
12303
12304
12305
12306
12307
12309
12310
12312
12313
12315
12316
12317
12320
12323
12324
12326
12330
12331
12332
12333
12335
12336
12337
12338
12339
12340
12343
12344
12345
12346
12347
12348
12349
12350
12352
12354
12355
12356
12357
12359
12361
12362
12363
12364
12366
12367
12369
12370
12371
12374
12375
12376
12377
12378
12379
12380
12381
12383
12384
12386
12387
12391
12392
12393
12394
12395
12396
12398
12399
12400
12401
310
1
2
3
5
6
7
9
10
11
13
14
15
17
18
19
21
22
23
25
26
27
29
30
31
33
34
35
37
38
39
41
42
43
45
46
47
49
50
51
53
54
55
57
58
59
61
62
63
65
66
67
69
70
71
73
74
75
77
78
79
81
82
83
85
86
87
89
90
91
93
94
95
97
98
99
101
102
103
105
106
107
109
110
111
113
114
115
117
118
119
121
122
123
125
126
127
129
130
131
133
134
135
137
138
139
141
142
143
145
146
147
149
150
151
153
154
155
157
158
159
161
162
163
165
166
167
169
170
171
173
174
175
177
178
179
181
182
183
185
186
187
189
190
191
193
194
195
197
198
199
201
202
203
205
206
207
209
210
211
213
214
215
217
218
219
221
222
223
225
226
227
229
230
231
233
234
235
237
238
239
241
242
243
245
246
247
249
250
251
253
254
255
257
258
259
261
262
263
265
266
267
269
270
271
273
274
275
277
278
279
281
282
283
285
286
287
289
290
291
293
294
295
297
298
299
301
302
303
305
306
307
309
310
311
313
314
315
317
318
319
321
322
323
325
326
327
329
330
331
333
334
335
337
338
339
341
342
343
345
346
347
349
350
351
353
354
355
357
358
359
361
362
363
365
366
367
369
370
371
373
374
375
377
378
379
381
382
383
385
386
387
389
390
391
393
394
395
397
398
399
401
402
403
405
406
407
409
410
411
412
