647
1024
2
1026
1027
4
2054
1031
1035
1038
2062
16
17
1047
1049
2077
2078
1056
33
1057
2081
2082
1060
2084
37
1061
38
1062
2086
39
1064
2088
41
1065
2089
44
45
46
1071
1079
2105
2106
1084
2108
61
62
1086
2110
63
2112
1089
1090
70
71
72
1097
1098
76
1100
2124
77
1101
2125
78
2126
1103
82
83
2133
86
2134
2135
90
1116
1117
2141
95
1119
2143
2144
2145
98
2148
2149
1127
105
2154
108
109
2157
1135
1138
2163
1140
2164
2165
2166
120
1147
2171
1153
130
131
2179
132
2180
1158
2182
138
140
1164
142
143
144
1168
1169
1171
148
1175
1178
1180
157
1182
1183
162
1186
1187
165
166
1190
1192
169
1193
171
1199
1202
179
1204
1207
186
1214
192
1216
195
200
202
1227
205
207
210
1234
211
1236
1238
1240
1241
221
1249
226
1250
1251
1252
232
1256
1257
234
237
1263
244
1268
245
1273
250
1274
1276
1280
260
1285
263
265
268
1295
272
274
275
1301
1302
282
283
1307
1308
287
288
1315
1316
293
1318
1319
296
297
1321
299
300
1324
301
303
305
1329
1331
309
312
1344
321
1345
322
1346
1348
326
327
330
332
1356
1358
336
1360
1363
1367
1368
1371
1372
351
1375
352
1376
354
1378
356
358
1382
359
1386
1389
1390
1393
370
371
1396
373
375
377
1401
1403
380
381
1406
1407
1408
1410
1411
388
392
1416
393
1418
397
403
407
1431
1432
409
1438
416
417
1441
418
419
1443
1444
424
425
1450
1452
432
1456
1458
1459
438
441
1466
443
445
1470
447
1475
452
1478
1480
1482
1484
1485
463
465
466
1491
1493
471
473
475
477
479
1504
481
1505
1506
483
484
1509
486
1510
1511
488
1512
1514
492
493
500
502
503
1528
505
1531
508
509
510
512
1539
516
1541
520
1544
1545
1546
1547
526
1552
1555
532
1556
1558
1559
538
540
542
1577
554
557
560
1584
1588
1589
1592
570
574
1598
575
1600
1609
1610
1612
589
1614
1616
596
1622
1625
1629
606
607
1633
1638
615
1639
1640
619
620
1645
624
1648
625
626
628
1652
629
1657
634
1658
635
1659
636
1663
1665
1667
645
646
1670
648
1675
652
653
1677
654
1679
658
661
1685
664
1689
1690
1691
1693
1695
672
1699
677
1702
680
1704
682
684
685
1710
687
1712
1714
696
1722
1724
701
702
1729
1730
708
1734
713
1737
714
715
1741
719
720
1744
722
723
724
1748
728
1753
1756
1757
736
1761
1762
741
1765
743
744
1769
751
1780
758
1782
759
1783
1784
762
764
765
766
1792
1793
1796
1797
1798
1799
776
1800
777
778
1802
1803
780
1805
783
1807
1808
1809
787
790
1815
792
793
795
798
800
801
1825
1827
1831
812
1837
814
1838
1839
817
1842
1843
1844
1846
825
1849
1850
827
1854
1856
833
834
1859
836
837
1867
845
1869
846
1870
1873
1874
852
1877
1878
1879
857
1882
859
1883
860
1886
863
1889
1890
868
1892
869
1895
1896
873
874
1899
1900
877
1901
1902
879
880
882
883
1907
1910
887
888
1914
891
1917
894
1918
1922
1923
900
901
1929
906
909
1936
1937
916
918
919
1943
923
925
928
929
1953
1954
1957
934
935
1960
1963
943
944
1968
1969
947
949
1977
954
1979
1980
959
1983
960
1984
962
1988
965
1989
969
1993
1994
1998
978
981
2007
985
2010
989
992
2016
2019
997
2022
1000
2024
1001
1002
1003
2027
1004
2028
1008
2032
1009
2033
1010
1012
2038
1015
1023
85
1
129
3
131
5
133
7
135
9
137
11
139
13
141
15
143
17
145
19
147
21
149
23
151
25
153
27
155
29
157
31
159
33
161
35
163
37
165
39
167
41
43
45
47
49
51
53
55
57
59
61
63
65
67
69
71
73
75
77
79
81
83
85
87
89
91
92
93
95
97
99
101
103
105
107
109
111
113
115
117
119
121
123
125
127
