3399
0
8193
8196
5
8197
6
7
8
8200
8201
8203
13
8205
14
18
8210
8212
21
22
8215
24
8216
8218
27
29
8223
8224
8225
34
8228
37
8229
38
39
41
8233
8236
45
46
50
51
8244
53
8246
56
8249
59
8252
8254
64
8256
8257
68
71
8266
75
8270
79
80
82
8275
84
8276
88
8280
90
8283
8285
94
99
8293
103
8301
8303
112
8304
8308
117
118
8312
8313
8315
124
125
8317
127
128
129
8321
130
8323
8324
133
8325
134
8326
135
136
8328
8329
138
8330
8331
140
8332
8333
142
143
8335
8338
148
8340
149
8341
150
8343
8344
154
8346
8347
156
158
8351
163
8355
8356
8357
167
8359
8361
8362
8363
8364
175
8367
8368
177
8369
8370
179
180
181
8376
8377
186
8378
189
190
191
8383
8385
195
8388
8390
199
8391
200
201
8393
202
8396
205
206
8398
208
209
8402
8403
212
8404
214
217
8409
8410
219
8411
220
221
8414
225
8417
228
229
236
239
8431
8432
8433
242
8435
8436
247
249
8442
251
8447
256
8448
8449
8450
8452
262
266
8459
269
272
274
8466
275
277
8471
280
8474
8475
8476
285
288
289
291
8484
293
8486
296
297
8489
299
8494
8496
309
8501
8502
311
312
8504
315
8507
8508
8511
321
322
8514
8515
8516
8517
327
328
8520
8521
8522
331
8531
341
345
8537
8538
347
8539
8541
350
8542
8543
352
8545
357
8549
359
8554
8555
364
8556
365
8557
366
8558
368
369
370
8562
8563
372
8564
8566
376
8568
8569
380
382
8574
8575
8576
385
8577
386
388
8581
390
8582
8583
8584
395
396
398
8590
399
400
8593
404
406
8598
407
8599
8600
410
8602
411
8604
413
415
416
417
8609
418
419
420
421
422
8615
425
8617
428
8621
8622
432
8624
434
8631
8639
450
8644
453
454
8648
459
8652
461
465
466
468
8662
472
474
475
476
8668
8670
483
8675
485
8677
486
488
8681
8682
491
493
494
495
8687
8690
500
501
8694
503
505
506
507
8700
8702
511
8703
513
8706
515
519
8711
520
521
8714
8715
525
526
8718
528
529
8723
8730
8732
542
8740
549
8742
551
8743
552
8744
8745
8746
557
558
8751
564
568
8761
570
8764
8767
8768
577
578
8773
8774
583
586
8778
587
8779
8780
592
8787
8788
8789
598
8791
600
8793
8794
606
8798
608
8800
609
8801
8802
8803
8805
8806
615
619
8815
8819
630
8822
631
634
636
8834
8839
649
652
654
8846
8848
658
659
8855
8859
668
8860
8861
8866
8867
8871
680
681
8874
684
8879
692
696
697
699
8891
8893
707
8899
710
721
722
723
8915
8917
727
8919
8923
733
8925
734
8926
735
738
8930
8931
740
8933
8936
745
746
748
749
8941
8942
756
8948
8949
758
8954
764
8958
767
8959
8961
8964
775
8967
776
8968
778
779
8971
780
8972
781
8974
783
8976
785
789
790
8983
8985
8986
795
796
799
800
8994
803
8995
807
9000
810
812
813
815
9007
817
818
820
9013
9014
824
825
9017
9018
827
9022
9027
9029
838
9030
840
9033
9034
844
9036
845
846
850
852
9044
855
856
859
864
866
9058
867
871
9064
873
874
875
876
9068
9069
879
9072
883
886
9078
9081
9084
895
9090
900
902
9094
903
9096
9098
907
9100
9101
911
9104
914
915
9115
924
927
928
9120
930
9123
9126
936
938
9132
941
9135
944
945
9137
950
952
953
9145
954
9146
957
963
9155
966
9158
967
9163
9164
9165
9167
9170
979
9173
983
985
987
9179
9180
990
9182
991
9183
992
995
9188
9189
1002
1005
1006
9199
9201
1011
1012
9205
1015
9207
1016
1017
9209
1019
1021
1022
1023
9216
1025
9219
9221
1030
1034
1036
1037
1038
1039
9232
9233
1042
1043
9242
1052
9245
9246
1056
1058
1061
9254
9256
9257
1066
1068
9260
9261
9262
9263
1073
9266
1077
1079
9271
1080
9272
9276
9277
1087
9281
1090
9282
9283
1092
9291
1101
1103
9296
1106
9299
1108
9300
1117
1118
1121
9313
1123
1125
9317
1128
1129
1130
1131
9324
1133
1135
1136
9330
1139
9331
1144
1148
9342
1151
9343
1153
9345
1158
1159
1160
9352
9353
1162
9354
9355
9356
9357
1166
1169
9362
1171
9363
1174
1176
9368
1180
9372
1181
9373
1182
1183
9375
1184
1185
9377
1186
9378
1189
9381
9384
1195
1198
9390
1200
1202
9395
1207
1209
9401
9403
1213
1216
9409
1219
9411
9412
9413
1222
9416
9417
1228
1234
1235
1236
1237
9430
1239
9434
1243
1244
9436
1245
9437
9438
1247
1252
1253
9446
9447
1256
1257
1259
9453
1263
9456
1265
9458
9459
1269
1271
9465
1274
9466
1275
9473
1282
9475
9477
1286
9478
1287
9479
1288
1289
1290
9482
9485
9486
9487
1297
9490
1299
1300
9492
1302
9494
1303
9495
1306
9498
1307
9499
1308
9500
9501
1313
1315
1316
9509
1318
9514
9516
1326
9518
1328
9520
9522
9523
1333
1334
1336
9529
1340
9532
1341
9533
1342
9534
1345
1346
1348
1349
1352
1355
9547
1356
9549
1360
1362
9559
9560
9563
9564
9565
1374
9567
1376
9568
1378
1379
9572
1382
1385
1388
9583
1393
9586
1404
1405
9598
9600
1409
9602
1413
9605
1416
9610
1419
9614
1423
9616
1425
1427
1429
9622
1431
1432
9624
1433
9628
1438
9630
9633
1443
9635
1445
9637
1447
9639
9640
1450
9643
1452
9644
1453
9645
1456
1457
9649
9653
9655
1466
9661
1470
9664
1473
9665
1474
1475
1477
1478
1485
1486
1487
1488
9680
1491
1493
9685
9686
9690
1499
9692
1502
9694
1504
1505
9700
1509
1512
1516
1517
9710
9711
9715
1524
9716
1525
1526
1527
1529
9723
9724
1534
1535
9729
1539
1541
1544
1546
1548
1549
9743
9747
1556
9748
1557
1558
1564
1565
9761
1571
1572
1573
1574
9768
1577
9772
1582
9774
1587
9779
1591
9783
1594
9787
1601
1602
1603
1604
1605
9797
1608
9800
1610
1613
9805
1615
9808
1617
9811
1620
9813
9814
1623
1624
9816
1626
9821
1633
9825
1634
1635
9829
1638
1639
9834
1643
1646
1647
1648
1649
9843
1652
1655
9848
1657
9850
1662
9854
1663
1669
9862
9864
1673
1674
9866
1675
1676
9871
1680
9873
1683
1684
9879
1688
1690
1691
9883
9888
9889
9890
9895
1705
9897
1710
9902
1718
1720
9913
9914
1725
9917
1726
9918
9919
9920
9921
1730
9922
1731
9924
1735
9927
1738
9932
1742
9936
9937
1747
9939
1752
9947
9949
1759
9952
1761
9953
1763
9956
9957
1767
9959
9960
1771
1772
9965
9967
9969
9970
1783
1786
1787
9979
1789
1791
9988
1797
9990
1800
9992
9995
9996
9997
1807
9999
1808
1809
1810
10002
1811
1813
1815
10010
10014
10017
1827
10023
10025
1836
10028
10029
10031
1840
10032
1842
1847
10041
1850
1851
10043
1852
10044
1856
10048
1861
1864
1865
10057
1866
10059
1869
10062
10065
1875
10067
1876
10069
1881
1882
1885
10077
10080
1890
10083
1893
10085
10086
10087
10089
10090
1899
1902
10094
1904
10096
1905
10097
1906
1908
1910
1911
10103
10105
10106
10111
1922
10115
10116
10118
10120
10122
10124
10127
1938
10132
1944
1945
10137
10138
10139
10140
1949
10141
10142
10143
10146
1959
1961
10154
1964
1965
1966
10158
1967
10159
1968
10163
1973
1975
10169
1980
1984
10178
1987
1990
10182
10183
1993
10185
1994
10186
10187
1997
10189
10192
2002
10196
2005
2008
2009
10204
10206
2015
10207
2017
10210
2020
10212
10213
2025
10220
2030
2031
10223
2036
10229
2040
2041
10236
2045
10237
2046
10239
10247
2057
10249
2059
10251
10254
10258
2067
2070
2071
10263
2072
10264
2073
10266
2077
10270
10271
2080
2082
10274
10275
2085
10278
2091
10285
10286
2096
10288
2098
2102
10294
10295
10297
10298
10301
10303
2112
10304
10306
2116
10308
10309
2121
10313
2124
2126
2127
10319
2128
10320
2131
10323
2132
2135
2138
2139
10334
2144
10336
10339
2151
2153
2154
2155
2160
2162
2165
2166
2167
2168
2172
2174
2181
2186
2188
2191
2192
2193
2202
2204
2205
2208
2209
2210
2215
2217
2223
2225
2227
2229
2231
2234
2235
2236
2242
2244
2245
2246
2250
2251
2255
2260
2261
2262
2266
2273
2275
2279
2280
2282
2284
2285
2287
2288
2290
2291
2293
2295
2296
2300
2303
2304
2305
2312
2315
2316
2317
2325
2327
2330
2336
2340
2341
2345
2348
2351
2352
2359
2362
2363
2364
2371
2372
2373
2380
2381
2384
2388
2392
2397
2401
2402
2409
2411
2412
2415
2416
2418
2422
2429
2430
2434
2435
2436
2437
2438
2439
2440
2446
2447
2452
2453
2454
2455
2463
2465
2466
2470
2471
2472
2473
2478
2481
2490
2492
2494
2503
2506
2508
2510
2511
2514
2515
2520
2523
2525
2526
2527
2532
2534
2539
2540
2544
2549
2554
2556
2557
2559
2569
2575
2578
2581
2582
2587
2591
2593
2596
2601
2603
2604
2606
2610
2611
2614
2628
2629
2630
2637
2639
2642
2646
2647
2649
2650
2651
2653
2655
2656
2659
2665
2667
2670
2673
2674
2680
2682
2683
2684
2688
2693
2702
2704
2708
2709
2720
2723
2727
2728
2729
2730
2737
2738
2741
2742
2743
2745
2746
2751
2753
2755
2758
2759
2764
2776
2784
2785
2787
2790
2796
2798
2799
2800
2801
2803
2806
2808
2809
2811
2813
2816
2818
2822
2824
2827
2828
2830
2835
2837
2839
2840
2842
2843
2858
2860
2863
2867
2868
2879
2880
2886
2887
2889
2891
2896
2897
2898
2899
2900
2902
2906
2907
2913
2916
2919
2920
2922
2926
2928
2929
2936
2939
2940
2942
2943
2945
2946
2947
2950
2957
2958
2959
2960
2971
2972
2974
2975
2976
2977
2984
2986
2988
2990
2992
2993
2998
2999
3008
3012
3015
3018
3022
3023
3025
3026
3029
3032
3037
3039
3044
3046
3047
3048
3050
3051
3052
3055
3058
3060
3062
3063
3066
3070
3075
3078
3079
3082
3085
3087
3088
3089
3092
3097
3105
3108
3116
3117
3123
3127
3128
3131
3133
3140
3141
3142
3146
3150
3154
3156
3157
3158
3159
3161
3163
3169
3171
3172
3174
3175
3178
3179
3183
3184
3188
3197
3199
3202
3203
3208
3210
3211
3214
3217
3218
3228
3230
3236
3240
3241
3243
3244
3247
3251
3254
3256
3259
3260
3262
3265
3268
3269
3271
3273
3276
3279
3281
3285
3288
3289
3292
3294
3297
3300
3307
3314
3316
3317
3321
3322
3327
3328
3331
3332
3336
3338
3340
3352
3355
3359
3360
3366
3367
3369
3371
3374
3375
3377
3379
3381
3386
3388
3389
3392
3395
3404
3406
3407
3409
3412
3415
3419
3420
3427
3429
3431
3433
3434
3436
3437
3441
3445
3446
3447
3457
3458
3459
3464
3466
3468
3471
3473
3476
3483
3485
3494
3495
3497
3499
3500
3501
3502
3503
3504
3508
3509
3511
3513
3515
3516
3517
3520
3521
3525
3533
3534
3535
3538
3543
3545
3549
3556
3560
3565
3569
3572
3575
3578
3581
3582
3588
3589
3592
3594
3595
3605
3610
3615
3616
3617
3619
3622
3630
3632
3634
3637
3640
3641
3646
3648
3650
3652
3656
3661
3662
3664
3665
3666
3670
3673
3676
3681
3682
3684
3685
3687
3688
3690
3691
3693
3697
3699
3700
3701
3703
3706
3709
3710
3711
3714
3716
3718
3721
3727
3729
3731
3734
3736
3743
3744
3746
3754
3762
3772
3775
3777
3779
3780
3783
3785
3788
3790
3793
3794
3800
3803
3804
3810
3816
3819
3828
3832
3841
3842
3843
3844
3845
3846
3847
3849
3853
3857
3860
3862
3866
3869
3870
3879
3880
3889
3895
3898
3901
3905
3909
3910
3914
3915
3920
3925
3931
3935
3942
3943
3944
3946
3950
3951
3952
3958
3959
3961
3967
3972
3976
3977
3984
3991
3992
3993
3995
3997
3999
4002
4003
4005
4009
4010
4016
4018
4024
4027
4031
4032
4033
4035
4036
4038
4040
4041
4046
4048
4051
4053
4063
4072
4073
4075
4077
4078
4081
4086
4087
4088
4093
4095
4096
4097
4100
4104
4106
4109
4114
4119
4123
4128
4130
4131
4135
4142
4146
4152
4153
4156
4160
4164
4166
4172
4179
4180
4182
4183
4184
4186
4187
4188
4190
4193
4198
4200
4201
4202
4204
4206
4209
4211
4218
4221
4224
4225
4226
4227
4228
4229
4230
4236
4237
4238
4240
4241
4243
4244
4245
4246
4247
4255
4256
4261
4265
4269
4271
4272
4273
4274
4287
4288
4291
4292
4302
4304
4306
4310
4313
4315
4317
4322
4323
4327
4329
4331
4334
4336
4341
4345
4349
4351
4357
4361
4363
4367
4369
4372
4376
4377
4378
4380
4383
4385
4386
4389
4394
4395
4398
4403
4404
4405
4408
4410
4411
4416
4419
4422
4426
4432
4434
4435
4437
4438
4439
4442
4444
4445
4454
4456
4463
4464
4469
4471
4475
4476
4478
4479
4480
4484
4487
4490
4492
4494
4500
4501
4503
4507
4509
4510
4512
4514
4518
4519
4520
4526
4530
4531
4534
4535
4539
4542
4545
4546
4549
4552
4554
4561
4562
4569
4573
4575
4576
4585
4586
4589
4590
4592
4596
4597
4599
4602
4605
4606
4608
4610
4611
4615
4621
4624
4626
4628
4631
4634
4636
4637
4638
4640
4646
4649
4651
4657
4658
4659
4661
4666
4667
4668
4669
4676
4680
4685
4690
4694
4698
4699
4701
4704
4706
4708
4713
4714
4721
4723
4727
4728
4729
4734
4735
4736
4740
4743
4745
4750
4754
4755
4757
4762
4765
4769
4770
4773
4781
4783
4786
4787
4794
4797
4800
4804
4815
4818
4821
4822
4823
4827
4830
4834
4840
4841
4843
4847
4848
4849
4852
4853
4856
4863
4865
4870
4873
4877
4879
4883
4884
4885
4889
4897
4899
4902
4904
4905
4910
4911
4913
4914
4920
4921
4923
4924
4927
4932
4933
4937
4942
4951
4954
4964
4966
4970
4973
4975
4979
4980
4984
4985
4987
4989
4990
4995
4997
4999
5002
5004
5006
5008
5009
5010
5011
5012
5013
5014
5015
5018
5020
5026
5027
5029
5031
5032
5033
5038
5042
5044
5048
5052
5055
5056
5060
5062
5063
5066
5067
5068
5083
5086
5087
5088
5089
5090
5091
5096
5097
5098
5099
5105
5106
5109
5113
5118
5119
5120
5123
5124
5125
5130
5135
5138
5139
5141
5145
5150
5151
5152
5155
5156
5159
5160
5164
5167
5174
5175
5176
5178
5189
5190
5191
5197
5200
5205
5208
5215
5223
5228
5234
5235
5240
5245
5252
5254
5257
5258
5261
5262
5263
5268
5271
5275
5277
5279
5286
5290
5294
5295
5296
5298
5304
5307
5310
5314
5315
5318
5320
5321
5323
5327
5329
5340
5341
5342
5343
5348
5353
5356
5358
5359
5360
5361
5364
5368
5373
5374
5377
5380
5381
5385
5394
5397
5398
5400
5404
5405
5406
5407
5409
5414
5417
5419
5422
5427
5428
5429
5430
5431
5433
5438
5440
5444
5447
5451
5454
5468
5474
5476
5477
5478
5479
5482
5483
5492
5493
5494
5495
5498
5502
5505
5506
5508
5511
5512
5513
5522
5524
5527
5529
5531
5535
5543
5549
5552
5554
5561
5564
5566
5567
5568
5577
5578
5581
5584
5585
5586
5589
5591
5593
5596
5599
5601
5603
5604
5607
5613
5616
5619
5623
5624
5631
5636
5640
5642
5647
5651
5652
5653
5658
5662
5664
5665
5666
5670
5675
5676
5678
5679
5680
5681
5685
5688
5690
5691
5692
5693
5697
5699
5700
5705
5707
5708
5710
5714
5715
5718
5719
5721
5722
5723
5724
5728
5737
5738
5744
5746
5755
5756
5760
5761
5762
5763
5770
5775
5777
5783
5785
5788
5790
5791
5803
5807
5812
5824
5829
5831
5834
5837
5839
5840
5841
5842
5845
5846
5847
5852
5860
5864
5866
5868
5879
5880
5888
5890
5894
5900
5905
5906
5907
5912
5915
5917
5921
5923
5928
5934
5935
5939
5941
5942
5943
5946
5949
5951
5952
5958
5962
5963
5966
5970
5972
5973
5974
5978
5979
5980
5981
5993
5994
6001
6003
6004
6005
6006
6009
6011
6013
6015
6021
6026
6028
6029
6030
6032
6042
6043
6056
6057
6059
6062
6069
6070
6071
6077
6078
6079
6083
6091
6092
6093
6094
6099
6100
6114
6116
6120
6121
6125
6130
6133
6135
6136
6147
6150
6162
6164
6165
6169
6175
6178
6179
6182
6189
6192
6195
6197
6201
6204
6205
6206
6207
6208
6216
6217
6218
6223
6224
6228
6230
6232
6234
6235
6239
6242
6243
6245
6246
6247
6248
6251
6252
6254
6255
6263
6264
6265
6267
6270
6273
6275
6276
6288
6291
6292
6293
6305
6306
6311
6312
6314
6315
6320
6326
6328
6329
6330
6333
6334
6339
6341
6343
6344
6347
6349
6353
6356
6357
6362
6364
6370
6371
6375
6379
6383
6384
6389
6393
6394
6399
6400
6401
6403
6405
6407
6408
6414
6415
6417
6419
6420
6424
6425
6426
6427
6429
6431
6437
6443
6445
6447
6448
6450
6454
6458
6468
6469
6470
6471
6472
6475
6478
6481
6483
6489
6499
6502
6511
6512
6519
6522
6525
6534
6536
6537
6542
6544
6546
6549
6560
6561
6570
6571
6572
6580
6582
6585
6587
6588
6594
6595
6605
6606
6611
6612
6613
6619
6620
6621
6622
6627
6629
6634
6635
6636
6637
6641
6644
6645
6648
6651
6652
6653
6655
6657
6674
6678
6681
6683
6686
6687
6688
6692
6695
6697
6701
6704
6705
6710
6721
6722
6728
6735
6738
6741
6742
6744
6746
6748
6756
6757
6766
6772
6778
6781
6787
6792
6794
6804
6805
6810
6811
6814
6818
6820
6821
6823
6825
6828
6836
6838
6839
6841
6850
6855
6856
6859
6860
6866
6867
6871
6872
6875
6878
6879
6880
6884
6885
6888
6890
6891
6892
6894
6895
6900
6903
6905
6909
6910
6911
6913
6915
6920
6921
6922
6923
6924
6926
6928
6929
6935
6941
6944
6945
6947
6952
6953
6956
6957
6959
6960
6962
6964
6967
6968
6972
6973
6975
6979
6981
6982
6983
6986
6990
6992
6998
7000
7002
7005
7009
7010
7011
7014
7017
7020
7024
7026
7028
7030
7031
7034
7041
7044
7047
7049
7051
7052
7060
7066
7067
7069
7070
7071
7073
7075
7076
7078
7082
7084
7085
7086
7090
7091
7092
7093
7095
7097
7101
7102
7103
7114
7115
7122
7123
7124
7125
7130
7131
7132
7133
7134
7135
7138
7139
7143
7144
7149
7154
7155
7156
7159
7163
7165
7166
7167
7169
7171
7173
7180
7184
7194
7195
7199
7202
7203
7207
7212
7215
7217
7221
7223
7224
7225
7228
7232
7235
7236
7237
7243
7248
7253
7259
7261
7263
7267
7269
7273
7278
7282
7286
7290
7294
7296
7299
7301
7302
7303
7310
7313
7317
7332
7335
7336
7337
7343
7351
7352
7358
7361
7363
7365
7367
7368
7372
7380
7386
7387
7390
7393
7397
7404
7405
7407
7412
7415
7417
7420
7421
7424
7426
7427
7428
7433
7435
7437
7444
7446
7448
7452
7455
7457
7460
7463
7466
7473
7476
7477
7479
7480
7481
7483
7485
7494
7495
7496
7497
7499
7500
7502
7507
7508
7511
7521
7522
7523
7525
7528
7531
7533
7535
7536
7544
7551
7556
7557
7561
7563
7566
7574
7575
7576
7577
7580
7581
7585
7593
7596
7615
7617
7619
7624
7627
7630
7631
7634
7637
7638
7641
7642
7643
7664
7669
7670
7673
7679
7680
7682
7683
7686
7690
7695
7697
7703
7712
7714
7716
7718
7723
7730
7734
7736
7739
7744
7753
7760
7765
7766
7767
7769
7773
7775
7778
7779
7781
7782
7785
7789
7790
7793
7794
7795
7796
7800
7801
7807
7809
7811
7812
7815
7817
7818
7822
7829
7831
7834
7844
7847
7848
7852
7853
7854
7857
7869
7870
7871
7872
7874
7879
7880
7884
7885
7893
7895
7898
7899
7901
7902
7904
7905
7906
7907
7909
7916
7919
7937
7939
7942
7945
7951
7960
7966
7967
7969
7972
7973
7976
7977
7978
7987
7990
7991
7994
7995
7999
8002
8003
8005
8009
8016
8019
8021
8022
8024
8029
8030
8031
8032
8038
8039
8042
8043
8046
8048
8051
8053
8061
8062
8068
8070
8073
8076
8078
8079
8082
8085
8087
8088
8090
8092
8096
8106
8108
8119
8123
8126
8128
8130
8135
8148
8149
8151
8156
8158
8159
8164
8170
8173
8176
8178
8179
8186
8187
8190
8191
93
1
129
2
3
131
5
133
7
135
9
137
11
139
13
141
15
143
17
145
19
147
21
149
23
151
25
153
27
155
29
157
31
159
33
161
35
163
37
165
39
167
41
169
43
171
45
173
47
175
49
177
51
179
53
181
55
183
57
59
61
63
65
67
69
71
73
75
77
79
81
83
85
87
89
91
93
95
97
99
101
103
105
107
109
111
113
115
117
119
121
123
125
127
