771
0
1
10
11
12
14
19
20
21
22
23
27
29
30
33
34
35
36
37
38
43
44
45
46
47
51
52
54
55
57
59
60
61
63
66
67
73
76
77
79
80
81
82
83
84
85
86
88
89
90
97
100
103
104
105
108
109
112
114
116
117
118
119
120
122
124
126
127
128
129
130
131
132
134
135
137
140
141
143
145
146
147
150
154
157
158
159
160
165
172
173
175
176
177
178
179
185
186
187
188
189
190
192
194
196
198
199
200
201
203
208
210
213
214
217
218
220
223
224
225
230
231
232
233
234
235
236
238
239
240
241
242
244
246
249
254
256
258
259
262
264
266
268
269
270
272
273
274
275
276
278
279
282
283
286
288
290
292
293
298
303
305
306
308
309
312
313
316
317
319
320
321
324
325
329
331
333
337
338
339
341
342
346
349
350
352
353
354
355
356
360
364
365
367
368
370
372
373
374
375
376
380
384
386
393
395
397
398
399
406
409
410
411
414
417
421
422
423
424
425
427
429
430
432
435
444
447
448
452
453
455
458
459
462
465
466
468
470
472
476
478
479
480
481
482
485
491
493
495
499
502
507
509
510
513
514
515
516
518
519
521
523
525
528
529
531
532
533
534
536
539
541
542
546
547
550
551
552
554
555
561
563
567
571
572
575
576
579
581
586
590
593
594
596
598
602
605
613
617
623
626
628
631
633
634
636
637
638
639
641
644
645
651
652
654
655
658
661
662
663
664
666
668
671
673
674
675
676
678
681
682
683
684
685
686
689
696
697
698
701
702
704
705
706
707
712
713
715
717
719
721
726
727
728
729
737
738
740
741
744
746
747
751
753
754
757
758
762
764
765
767
768
769
771
772
774
775
776
779
780
782
783
784
787
788
790
791
792
794
795
799
805
807
808
810
812
813
815
816
818
820
821
823
825
829
831
836
840
841
842
844
845
849
850
854
855
858
859
865
866
868
872
873
874
876
877
879
880
882
887
889
890
896
898
899
900
903
905
907
908
909
910
911
915
919
920
923
931
936
937
939
940
943
955
957
958
960
961
963
964
966
968
970
973
974
976
978
980
981
984
985
987
991
993
994
996
998
999
1001
1002
1004
1007
1009
1011
1012
1016
1019
1021
1022
1023
1025
1026
1030
1032
1033
1034
1035
1036
1037
1040
1045
1047
1048
1052
1054
1056
1057
1058
1059
1060
1062
1064
1067
1068
1070
1071
1072
1074
1080
1082
1083
1086
1087
1089
1090
1091
1092
1093
1094
1099
1100
1101
1102
1104
1105
1108
1110
1111
1113
1115
1119
1122
1123
1124
1129
1131
1132
1134
1135
1137
1139
1141
1149
1151
1153
1154
1155
1156
1157
1159
1162
1163
1164
1167
1169
1174
1175
1176
1178
1183
1185
1186
1189
1192
1194
1195
1197
1198
1199
1200
1202
1205
1207
1217
1220
1221
1223
1225
1228
1229
1232
1233
1234
1235
1237
1239
1243
1245
1246
1247
1250
1254
1255
1256
1257
1258
1260
1262
1264
1266
1268
1269
1271
1275
1276
1278
1280
1282
1283
1284
1286
1287
1288
1290
1291
1294
1296
1297
1301
1302
1303
1304
1306
1307
1311
1312
1313
1314
1315
1316
1317
1318
1319
1320
1323
1324
1326
1327
1329
1330
1331
1333
1336
1337
1342
1344
1347
1351
1352
1353
1355
1357
1358
1359
1360
1362
1365
1366
1368
1371
1372
1373
1377
1381
1383
1384
1386
1387
1388
1391
1392
1393
1399
1404
1406
1411
1413
1415
1418
1421
1422
1423
1425
1427
1429
1430
1432
1435
1436
1437
1440
1441
1448
1449
1451
1455
1456
1457
1458
1462
1463
1469
1473
1475
1478
1481
1482
1485
1486
1487
1489
1490
1495
1499
1502
1503
1505
1506
1512
1514
1518
1519
1520
1521
1524
1526
1527
1529
1531
1532
1538
1539
1541
1542
1544
1545
1546
1550
1551
1552
1553
1557
1560
1561
1567
1570
1571
1572
1573
1574
1576
1578
1579
1581
1589
1590
1596
1597
1598
1599
1601
288
1
2
3
5
6
7
9
10
11
12
13
14
15
17
18
19
21
22
23
25
26
27
29
30
31
33
34
35
37
38
39
41
42
43
45
46
47
49
50
51
53
54
55
57
58
59
61
62
63
65
66
67
69
70
71
73
74
75
77
78
79
81
82
83
85
86
87
89
90
91
93
94
95
97
98
99
101
102
103
105
106
107
109
110
111
113
114
115
117
118
119
121
122
123
125
126
127
129
130
131
133
134
135
137
138
139
141
142
143
145
146
147
149
150
151
153
154
155
157
158
159
161
162
163
165
166
167
169
170
171
173
174
175
177
178
179
181
182
183
185
186
187
189
190
191
193
194
195
197
198
199
201
202
203
205
206
207
209
210
211
213
214
215
217
218
219
221
222
223
225
226
227
229
230
231
233
234
235
237
238
239
241
242
243
245
246
247
249
250
251
253
254
255
257
258
259
261
262
263
265
266
267
269
270
271
273
274
275
277
278
279
281
282
283
285
286
287
289
290
291
293
294
295
297
298
299
301
302
303
305
306
307
309
310
311
313
314
315
317
318
319
321
322
323
325
326
327
329
330
331
333
334
335
337
338
339
341
342
343
345
346
347
349
350
351
353
354
355
357
358
359
361
362
363
365
366
367
369
370
371
373
374
375
377
378
379
381
382
