3679
0
1
2
4
5
7
8
12
13
15
17
20
26
29
30
35
36
37
38
40
42
43
44
45
46
47
50
52
53
55
56
59
60
61
62
64
65
66
69
74
75
77
78
80
81
83
84
85
87
88
89
91
93
95
97
102
103
104
105
106
107
115
118
121
123
125
126
129
130
132
134
135
137
138
140
141
142
144
145
147
149
150
158
160
163
164
165
166
171
175
177
181
184
185
189
190
191
192
195
196
199
201
203
204
207
208
209
210
212
214
215
216
219
220
221
224
226
228
230
234
236
237
240
241
243
245
246
248
250
254
258
260
261
262
263
264
266
268
269
271
273
274
275
277
278
279
280
281
283
285
286
287
288
289
290
292
297
298
299
300
301
305
306
307
308
309
310
311
313
315
316
318
322
323
324
325
326
328
329
333
335
337
339
348
349
350
352
353
355
356
359
360
362
363
368
370
371
373
374
377
378
379
382
383
384
385
387
389
395
396
398
404
406
408
410
414
416
417
419
420
421
423
426
427
428
429
430
433
434
436
437
438
440
441
443
444
446
448
450
451
452
453
454
455
457
458
459
461
464
465
467
468
469
470
472
476
477
478
479
481
482
483
485
486
489
490
491
492
494
495
496
499
500
501
503
505
506
507
508
509
511
512
513
514
516
519
522
526
528
531
532
533
534
536
541
544
545
550
553
554
557
559
560
561
563
564
566
569
572
573
576
580
581
582
583
584
585
590
591
592
594
595
596
597
598
602
603
605
606
608
611
612
616
618
621
623
625
626
627
629
630
634
639
640
641
644
646
648
649
652
655
656
657
659
662
664
665
666
668
669
670
674
675
677
678
679
680
684
685
686
687
688
689
690
691
693
695
696
698
699
702
703
713
714
715
717
719
722
723
724
726
727
729
731
732
734
736
737
739
743
744
746
747
748
749
756
758
759
760
761
763
764
765
766
767
768
769
773
774
778
779
781
785
786
789
790
794
795
796
797
798
799
800
801
803
804
805
809
810
812
813
818
821
824
825
826
827
828
831
834
835
838
839
840
841
842
846
848
849
850
852
854
856
857
858
859
861
863
864
865
867
868
873
874
878
879
880
881
883
886
887
890
892
893
895
896
897
899
903
904
909
910
911
912
913
914
916
917
919
921
924
925
926
927
928
929
931
932
936
940
942
943
944
946
948
950
951
952
953
954
956
957
958
959
962
965
966
968
970
971
974
975
977
980
982
983
984
985
986
988
990
991
995
997
999
1001
1004
1005
1010
1012
1013
1014
1016
1017
1018
1019
1021
1023
1024
1027
1030
1031
1033
1036
1041
1042
1044
1045
1046
1047
1048
1049
1051
1052
1054
1055
1056
1057
1058
1059
1060
1063
1064
1067
1068
1069
1070
1071
1072
1073
1076
1079
1081
1084
1085
1086
1088
1089
1091
1092
1093
1094
1101
1103
1104
1106
1107
1108
1111
1112
1114
1116
1117
1118
1119
1121
1125
1127
1128
1131
1133
1134
1135
1137
1138
1139
1141
1144
1145
1147
1150
1155
1159
1160
1161
1162
1165
1166
1167
1170
1172
1173
1175
1178
1181
1182
1187
1188
1191
1193
1196
1198
1200
1205
1206
1209
1211
1212
1215
1216
1218
1221
1226
1228
1236
1238
1244
1248
1250
1252
1254
1255
1256
1257
1258
1261
1262
1266
1267
1268
1270
1271
1272
1273
1275
1276
1277
1278
1280
1281
1283
1285
1287
1290
1291
1293
1295
1297
1299
1303
1305
1306
1307
1308
1309
1310
1311
1313
1317
1322
1323
1326
1327
1328
1331
1332
1334
1335
1337
1338
1341
1342
1343
1345
1348
1350
1351
1352
1355
1357
1358
1360
1361
1362
1368
1369
1370
1372
1374
1375
1376
1381
1383
1384
1388
1389
1391
1392
1393
1395
1396
1397
1398
1400
1404
1405
1406
1407
1408
1410
1415
1419
1423
1424
1425
1426
1427
1429
1430
1433
1434
1436
1438
1443
1445
1446
1447
1448
1450
1453
1454
1456
1458
1459
1462
1466
1467
1470
1474
1476
1480
1481
1483
1484
1489
1493
1498
1499
1500
1501
1503
1504
1506
1507
1508
1509
1510
1514
1515
1519
1520
1521
1522
1523
1524
1527
1530
1531
1534
1535
1538
1541
1544
1545
1547
1550
1555
1556
1558
1559
1563
1567
1569
1571
1576
1578
1579
1580
1581
1583
1584
1585
1586
1587
1589
1590
1592
1595
1597
1598
1602
1603
1604
1607
1608
1609
1610
1614
1616
1617
1618
1620
1621
1623
1624
1626
1627
1628
1629
1632
1634
1635
1636
1637
1640
1643
1644
1650
1653
1654
1655
1658
1660
1661
1663
1665
1667
1668
1669
1676
1677
1678
1681
1685
1686
1688
1689
1690
1692
1693
1696
1697
1698
1699
1700
1701
1703
1707
1708
1709
1710
1713
1714
1716
1717
1718
1722
1723
1725
1726
1730
1734
1736
1740
1741
1742
1743
1744
1745
1746
1748
1750
1751
1753
1754
1756
1758
1759
1760
1761
1763
1764
1767
1770
1771
1772
1773
1774
1775
1778
1779
1784
1788
1789
1790
1792
1794
1796
1798
1800
1802
1804
1806
1807
1808
1811
1814
1815
1817
1819
1820
1824
1830
1831
1834
1835
1837
1838
1839
1841
1842
1843
1846
1848
1849
1854
1857
1859
1860
1862
1864
1865
1866
1867
1868
1870
1871
1872
1873
1875
1877
1878
1883
1886
1887
1888
1889
1892
1893
1894
1895
1896
1897
1898
1902
1904
1905
1912
1917
1918
1919
1923
1926
1928
1931
1932
1934
1935
1937
1943
1944
1946
1947
1948
1950
1951
1952
1953
1956
1959
1960
1966
1969
1970
1971
1972
1977
1978
1979
1980
1981
1984
1985
1986
1987
1988
1989
1992
1996
1997
1998
1999
2000
2003
2004
2012
2015
2016
2019
2022
2024
2029
2030
2033
2035
2036
2037
2038
2039
2041
2042
2043
2045
2049
2050
2052
2053
2054
2056
2057
2058
2059
2060
2062
2064
2068
2069
2070
2072
2075
2076
2077
2079
2083
2085
2086
2087
2088
2089
2090
2091
2094
2096
2097
2098
2099
2104
2106
2108
2110
2111
2113
2114
2115
2116
2117
2118
2120
2123
2127
2131
2133
2137
2139
2141
2142
2148
2150
2152
2154
2155
2156
2160
2161
2163
2164
2165
2166
2168
2169
2170
2172
2174
2178
2180
2182
2183
2186
2189
2193
2196
2199
2201
2202
2203
2205
2213
2215
2216
2217
2224
2225
2226
2227
2231
2232
2233
2234
2235
2236
2237
2239
2240
2245
2246
2255
2256
2262
2265
2267
2271
2273
2274
2275
2279
2280
2286
2287
2288
2289
2293
2294
2295
2296
2298
2303
2304
2308
2309
2311
2314
2315
2317
2319
2322
2325
2326
2327
2328
2330
2332
2333
2336
2338
2339
2341
2344
2347
2349
2350
2352
2353
2354
2355
2358
2361
2363
2365
2372
2373
2376
2377
2382
2384
2385
2388
2389
2391
2392
2394
2395
2396
2397
2398
2399
2401
2403
2406
2409
2413
2414
2416
2417
2420
2422
2424
2428
2429
2435
2437
2438
2440
2442
2445
2446
2448
2449
2450
2452
2455
2457
2458
2459
2461
2463
2465
2466
2467
2470
2472
2477
2478
2480
2483
2484
2486
2487
2488
2489
2491
2492
2497
2498
2499
2500
2501
2502
2503
2504
2506
2508
2514
2515
2517
2520
2523
2524
2525
2526
2528
2530
2531
2532
2533
2534
2536
2537
2538
2539
2540
2546
2548
2549
2550
2554
2555
2557
2561
2564
2565
2567
2568
2569
2570
2572
2575
2577
2581
2583
2584
2585
2586
2589
2590
2591
2592
2593
2594
2595
2597
2599
2600
2602
2605
2606
2607
2608
2610
2611
2612
2613
2614
2615
2616
2619
2621
2622
2625
2628
2629
2633
2634
2635
2637
2641
2644
2647
2648
2651
2652
2658
2659
2660
2662
2665
2666
2669
2670
2673
2674
2677
2679
2681
2682
2684
2685
2689
2691
2695
2700
2701
2705
2707
2710
2715
2719
2720
2721
2724
2727
2728
2737
2741
2742
2743
2745
2749
2751
2753
2754
2756
2757
2760
2761
2762
2763
2764
2765
2771
2772
2780
2782
2783
2786
2789
2791
2792
2793
2795
2796
2797
2798
2799
2800
2802
2803
2807
2808
2809
2810
2811
2812
2813
2814
2816
2818
2821
2822
2823
2824
2827
2829
2830
2832
2835
2837
2838
2840
2841
2842
2843
2845
2847
2848
2851
2853
2854
2855
2856
2857
2859
2860
2865
2867
2872
2873
2875
2876
2878
2880
2881
2883
2884
2885
2888
2890
2891
2892
2898
2899
2900
2901
2902
2903
2905
2907
2908
2910
2911
2913
2915
2916
2917
2919
2923
2924
2927
2928
2930
2931
2940
2943
2944
2945
2947
2948
2949
2960
2961
2962
2969
2971
2974
2979
2982
2985
2987
2989
2992
2993
2994
2997
2999
3000
3001
3002
3005
3006
3008
3009
3010
3012
3015
3018
3020
3022
3023
3024
3025
3029
3031
3034
3038
3041
3044
3050
3051
3052
3054
3056
3058
3059
3062
3063
3067
3068
3071
3074
3075
3076
3077
3078
3079
3080
3082
3084
3085
3086
3087
3090
3091
3100
3103
3104
3105
3106
3107
3108
3109
3112
3117
3121
3122
3124
3126
3127
3128
3132
3133
3134
3136
3138
3139
3140
3143
3144
3145
3146
3149
3150
3151
3153
3154
3155
3160
3161
3169
3170
3171
3172
3173
3174
3175
3176
3178
3179
3180
3183
3184
3185
3189
3193
3194
3197
3201
3202
3206
3209
3210
3211
3212
3214
3215
3219
3220
3222
3225
3227
3229
3231
3233
3234
3236
3238
3239
3247
3248
3254
3256
3258
3260
3263
3267
3269
3270
3272
3276
3277
3279
3281
3282
3283
3286
3288
3290
3293
3294
3295
3296
3298
3300
3301
3302
3304
3307
3309
3312
3315
3316
3319
3323
3325
3326
3327
3328
3329
3332
3334
3336
3337
3339
3340
3341
3344
3350
3351
3352
3355
3356
3359
3361
3365
3368
3370
3372
3373
3374
3376
3382
3383
3386
3387
3390
3392
3393
3394
3396
3398
3399
3402
3404
3405
3412
3413
3414
3416
3421
3422
3424
3425
3426
3427
3433
3438
3445
3449
3450
3451
3452
3455
3456
3457
3461
3463
3464
3466
3467
3468
3471
3474
3477
3478
3481
3482
3483
3484
3487
3488
3489
3490
3491
3492
3494
3495
3496
3498
3499
3501
3504
3506
3508
3509
3511
3513
3514
3515
3517
3518
3520
3521
3522
3523
3525
3526
3528
3529
3532
3533
3535
3541
3547
3549
3550
3551
3553
3554
3555
3559
3561
3562
3570
3571
3572
3573
3575
3576
3577
3579
3581
3582
3583
3586
3587
3589
3592
3595
3599
3600
3602
3603
3605
3607
3609
3614
3615
3616
3617
3619
3622
3625
3627
3628
3629
3634
3635
3636
3643
3644
3650
3653
3654
3655
3662
3664
3665
3675
3678
3680
3682
3683
3684
3685
3686
3688
3690
3691
3692
3693
3694
3697
3698
3702
3705
3707
3708
3710
3711
3712
3714
3715
3716
3717
3718
3721
3722
3724
3726
3730
3732
3734
3736
3738
3740
3743
3744
3745
3746
3750
3751
3752
3755
3756
3758
3759
3761
3762
3764
3765
3770
3771
3772
3774
3776
3778
3782
3786
3787
3789
3801
3804
3805
3807
3808
3811
3812
3813
3814
3817
3818
3820
3824
3827
3828
3830
3831
3832
3835
3836
3838
3840
3841
3848
3849
3853
3854
3856
3859
3863
3864
3865
3866
3867
3869
3871
3875
3876
3879
3880
3882
3884
3885
3887
3888
3889
3892
3897
3898
3900
3901
3904
3906
3907
3908
3911
3912
3913
3915
3916
3917
3918
3919
3922
3926
3932
3933
3934
3938
3943
3944
3949
3951
3957
3960
3962
3963
3964
3966
3969
3970
3971
3972
3974
3975
3976
3977
3978
3979
3983
3988
3991
3994
3995
3996
3999
4000
4001
4006
4008
4011
4012
4013
4014
4016
4017
4018
4019
4021
4022
4025
4027
4029
4030
4033
4036
4037
4038
4039
4040
4041
4043
4045
4046
4048
4049
4050
4052
4053
4054
4055
4057
4063
4065
4068
4073
4074
4081
4083
4084
4085
4087
4090
4091
4094
4096
4097
4101
4103
4104
4106
4108
4109
4113
4114
4116
4117
4124
4127
4129
4133
4138
4139
4149
4151
4153
4158
4161
4162
4163
4167
4169
4170
4171
4173
4175
4176
4180
4182
4183
4184
4185
4186
4187
4189
4194
4196
4197
4198
4201
4203
4204
4205
4206
4209
4210
4213
4216
4220
4222
4223
4225
4227
4232
4233
4234
4235
4236
4238
4239
4243
4246
4247
4248
4250
4253
4257
4263
4264
4268
4269
4271
4272
4274
4276
4278
4279
4280
4282
4283
4287
4288
4289
4291
4292
4299
4302
4303
4304
4307
4309
4313
4315
4316
4318
4320
4321
4322
4325
4326
4327
4328
4329
4330
4331
4333
4334
4336
4337
4338
4339
4342
4345
4346
4347
4349
4352
4353
4354
4355
4356
4359
4360
4363
4365
4366
4372
4373
4379
4387
4389
4390
4392
4393
4394
4395
4397
4399
4401
4402
4409
4410
4411
4412
4413
4415
4417
4422
4426
4427
4428
4429
4431
4433
4434
4435
4439
4441
4443
4445
4446
4450
4451
4452
4458
4465
4468
4470
4471
4473
4474
4476
4478
4479
4481
4482
4483
4487
4488
4490
4492
4494
4497
4498
4499
4500
4501
4502
4503
4504
4505
4506
4509
4510
4512
4514
4519
4523
4525
4526
4527
4530
4531
4532
4534
4536
4541
4543
4545
4548
4549
4553
4554
4555
4563
4567
4569
4577
4578
4580
4581
4583
4589
4593
4595
4597
4602
4604
4606
4607
4608
4609
4610
4611
4614
4621
4622
4624
4625
4631
4635
4637
4638
4640
4641
4642
4643
4646
4647
4649
4651
4652
4655
4656
4658
4659
4664
4665
4667
4669
4670
4672
4673
4676
4677
4679
4683
4684
4685
4690
4692
4696
4697
4699
4700
4701
4702
4703
4707
4708
4710
4716
4717
4718
4719
4720
4722
4723
4727
4729
4730
4732
4734
4736
4739
4742
4743
4744
4745
4747
4748
4751
4752
4753
4754
4758
4762
4763
4766
4767
4769
4771
4772
4773
4776
4777
4778
4781
4783
4784
4786
4789
4790
4793
4794
4795
4796
4797
4801
4805
4806
4808
4810
4814
4815
4816
4822
4824
4825
4826
4827
4828
4830
4831
4832
4834
4836
4837
4838
4842
4843
4844
4845
4847
4848
4849
4850
4852
4853
4858
4859
4861
4862
4865
4866
4869
4870
4872
4873
4874
4878
4879
4881
4883
4884
4885
4887
4888
4892
4893
4894
4895
4896
4897
4899
4900
4902
4904
4910
4911
4912
4914
4915
4919
4925
4926
4929
4930
4931
4935
4939
4941
4943
4945
4946
4947
4949
4953
4954
4955
4957
4958
4959
4961
4963
4967
4968
4969
4970
4971
4973
4975
4976
4980
4981
4983
4985
4986
4987
4988
4989
4990
4991
4995
4996
4998
4999
5003
5005
5007
5012
5013
5016
5018
5019
5020
5023
5024
5028
5030
5033
5039
5040
5043
5046
5047
5049
5050
5052
5053
5054
5057
5058
5060
5062
5063
5065
5068
5069
5073
5074
5075
5076
5077
5085
5086
5091
5092
5094
5095
5096
5097
5099
5100
5102
5108
5110
5111
5112
5114
5115
5116
5117
5118
5119
5120
5123
5124
5128
5130
5133
5134
5135
5138
5142
5144
5146
5148
5154
5155
5157
5158
5160
5161
5164
5165
5171
5172
5173
5174
5175
5176
5179
5181
5182
5183
5185
5186
5188
5191
5193
5195
5197
5199
5203
5207
5210
5211
5212
5213
5214
5218
5219
5220
5222
5223
5224
5225
5230
5232
5233
5234
5235
5237
5241
5245
5246
5247
5248
5252
5253
5256
5258
5259
5260
5263
5267
5274
5275
5279
5280
5281
5282
5284
5285
5286
5288
5290
5292
5296
5300
5301
5302
5304
5305
5309
5310
5314
5315
5316
5318
5319
5320
5321
5322
5323
5328
5329
5330
5332
5333
5335
5337
5338
5339
5342
5347
5349
5352
5355
5358
5359
5363
5369
5370
5371
5373
5375
5377
5378
5380
5381
5384
5387
5388
5389
5391
5392
5394
5396
5397
5398
5399
5400
5401
5402
5403
5404
5406
5413
5415
5416
5419
5422
5426
5427
5432
5435
5436
5439
5441
5443
5444
5449
5451
5452
5457
5460
5464
5465
5469
5470
5472
5474
5477
5478
5479
5480
5484
5485
5487
5488
5489
5493
5494
5495
5496
5497
5499
5501
5506
5508
5510
5513
5515
5516
5517
5520
5522
5524
5525
5526
5528
5529
5530
5534
5535
5537
5538
5539
5540
5541
5543
5546
5549
5553
5554
5555
5557
5558
5562
5563
5564
5565
5567
5568
5569
5570
5573
5576
5577
5579
5582
5583
5584
5586
5587
5592
5596
5598
5606
5609
5610
5611
5614
5618
5620
5624
5625
5627
5628
5630
5631
5633
5637
5638
5639
5640
5643
5646
5647
5651
5653
5654
5657
5658
5660
5661
5664
5666
5667
5671
5673
5675
5678
5679
5680
5681
5683
5684
5687
5689
5690
5691
5693
5696
5698
5699
5700
5702
5705
5706
5707
5714
5717
5718
5719
5722
5725
5730
5731
5733
5734
5737
5740
5742
5744
5747
5748
5749
5750
5751
5752
5762
5763
5766
5769
5770
5771
5772
5773
5776
5777
5784
5785
5786
5787
5789
5790
5791
5792
5794
5795
5796
5797
5802
5803
5804
5806
5807
5808
5813
5817
5818
5819
5824
5828
5829
5834
5835
5836
5840
5841
5844
5850
5852
5853
5857
5860
5861
5865
5868
5869
5874
5877
5879
5880
5882
5884
5885
5887
5888
5889
5890
5891
5893
5894
5895
5896
5897
5898
5899
5900
5901
5903
5904
5910
5912
5914
5915
5920
5921
5922
5924
5925
5927
5928
5929
5930
5931
5932
5933
5935
5936
5937
5938
5940
5941
5942
5943
5947
5948
5949
5950
5951
5954
5955
5956
5958
5959
5962
5963
5966
5967
5969
5970
5971
5972
5974
5978
5980
5983
5985
5987
5988
5990
5992
5995
5998
6001
6005
6006
6010
6011
6015
6019
6022
6023
6024
6028
6029
6031
6032
6033
6034
6038
6039
6040
6041
6042
6044
6045
6047
6049
6050
6052
6053
6055
6056
6058
6059
6061
6064
6065
6068
6071
6072
6073
6074
6077
6078
6082
6083
6084
6086
6088
6090
6093
6096
6099
6101
6102
6103
6109
6110
6111
6113
6115
6117
6119
6123
6125
6130
6133
6137
6139
6143
6144
6145
6147
6150
6151
6152
6153
6154
6155
6157
6158
6159
6161
6162
6165
6167
6168
6169
6171
6174
6175
6177
6178
6179
6181
6182
6186
6189
6190
6191
6193
6195
6196
6200
6207
6209
6213
6215
6216
6217
6218
6220
6222
6223
6225
6226
6227
6228
6231
6235
6237
6239
6240
6244
6245
6246
6248
6251
6252
6254
6256
6257
6261
6262
6269
6270
6272
6274
6275
6277
6278
6281
6282
6283
6284
6285
6288
6293
6296
6297
6300
6303
6304
6307
6309
6310
6313
6314
6315
6316
6317
6319
6323
6326
6327
6328
6330
6331
6336
6342
6343
6344
6345
6346
6349
6350
6352
6355
6356
6358
6361
6362
6363
6364
6366
6367
6368
6374
6377
6379
6382
6384
6386
6387
6388
6389
6390
6391
6401
6402
6404
6405
6406
6411
6413
6415
6416
6417
6419
6420
6421
6423
6424
6426
6428
6429
6430
6432
6434
6435
6438
6439
6443
6444
6447
6449
6451
6454
6455
6457
6458
6459
6461
6462
6463
6468
6471
6474
6475
6476
6490
6492
6496
6497
6499
6500
6501
6502
6504
6505
6507
6508
6509
6512
6513
6514
6516
6517
6518
6520
6522
6524
6526
6529
6533
6536
6537
6540
6543
6544
6549
6553
6555
6556
6564
6565
6566
6570
6573
6577
6579
6583
6588
6591
6592
6595
6597
6599
6600
6601
6602
6604
6606
6608
6611
6612
6614
6615
6616
6618
6622
6623
6626
6629
6630
6633
6634
6637
6643
6644
6648
6649
6650
6654
6659
6661
6663
6667
6668
6669
6670
6671
6672
6673
6675
6679
6681
6682
6684
6685
6686
6688
6690
6691
6693
6694
6697
6699
6700
6702
6706
6707
6708
6709
6710
6711
6713
6718
6719
6720
6724
6725
6727
6730
6734
6737
6741
6742
6743
6746
6750
6751
6752
6753
6755
6756
6757
6758
6759
6762
6763
6764
6766
6772
6773
6774
6779
6780
6782
6783
6784
6785
6787
6789
6790
6791
6794
6795
6798
6799
6801
6804
6807
6811
6812
6815
6816
6821
6822
6824
6829
6831
6832
6834
6836
6838
6842
6843
6845
6846
6851
6853
6854
6855
6858
6860
6861
6862
6863
6864
6867
6868
6870
6871
6873
6874
6875
6877
6881
6882
6883
6885
6886
6887
6890
6891
6892
6897
6900
6906
6907
6908
6914
6918
6921
6926
6928
6929
6930
6932
6933
6936
6937
6939
6940
6941
6945
6948
6952
6960
6962
6964
6965
6966
6967
6968
6969
6970
6971
6973
6974
6979
6982
6984
6985
6986
6988
6989
6990
6991
6993
6994
6995
7001
7004
7006
7011
7012
7013
7015
7018
7019
7021
7023
7025
7029
7031
7033
7035
7039
7040
7042
7044
7046
7051
7054
7055
7059
7061
7063
7064
7066
7067
7068
7070
7074
7076
7077
7079
7081
7084
7086
7087
7089
7090
7091
7092
7094
7095
7096
7099
7103
7104
7105
7106
7109
7110
7112
7113
7114
7115
7116
7118
7121
7122
7127
7128
7129
7130
7131
7132
7135
7136
7138
7140
7143
7144
7146
7147
7148
7149
7151
7154
7155
7157
7160
7161
7164
7165
7166
7167
7168
7170
7177
7180
7181
7182
7186
7187
7188
7190
7193
7196
7197
7200
7204
7205
7207
7210
7212
7213
7214
7215
7217
7219
7222
7226
7227
7228
7229
7230
7231
7232
7233
7234
7243
7244
7245
7247
7248
7251
7252
7255
7258
7263
7265
7266
7268
7271
7275
7277
7280
7281
7282
7286
7287
7291
7298
7299
7301
7302
7303
7305
7306
7309
7310
7311
7312
7315
7316
7318
7320
7321
7322
7324
7325
7326
7327
7330
7331
7332
7333
7335
7337
7339
7340
7341
7346
7349
7351
7356
7358
7364
7366
302
1
2
3
4
5
6
7
9
10
11
13
14
15
17
18
19
21
22
23
25
26
27
29
30
31
33
34
35
37
38
39
41
42
43
45
46
47
49
50
51
53
54
55
57
58
59
61
62
63
65
66
67
69
70
71
73
74
75
77
78
79
81
82
83
85
86
87
89
90
91
93
94
95
97
98
99
101
102
103
105
106
107
109
110
111
113
114
115
117
118
119
121
122
123
125
126
127
129
130
131
133
134
135
137
138
139
141
142
143
145
146
147
149
150
151
153
154
155
157
158
159
161
162
163
165
166
167
169
170
171
173
174
175
177
178
179
181
182
183
185
186
187
189
190
191
193
194
195
197
198
199
201
202
203
205
206
207
209
210
211
213
214
215
217
218
219
221
222
223
225
226
227
229
230
231
233
234
235
237
238
239
241
242
243
245
246
247
249
250
251
253
254
255
257
258
259
261
262
263
265
266
267
269
270
271
273
274
275
277
278
279
281
282
283
285
286
287
289
290
291
293
294
295
297
298
299
301
302
303
305
306
307
309
310
311
313
314
315
317
318
319
321
322
323
325
326
327
329
330
331
333
334
335
337
338
339
341
342
343
345
346
347
349
350
351
353
354
355
357
358
359
361
362
363
365
366
367
369
370
371
373
374
375
377
378
379
381
382
383
385
386
387
389
390
391
393
394
395
397
398
399
401
