3173
8194
4
8196
5
8199
8
8200
8201
8203
12
8205
8206
8207
8208
8209
18
8212
8213
26
8219
28
8220
31
8223
8224
34
8226
36
8230
8234
43
45
54
8247
56
8249
8250
59
8251
8252
61
63
8255
64
8256
8257
8258
8259
8263
8264
73
76
78
8271
80
82
8276
85
8277
86
87
8280
8282
8283
92
8284
93
94
8286
95
8288
97
8291
100
8292
101
8296
8297
106
107
108
8300
109
112
113
8305
114
115
8307
8308
118
8310
119
8311
121
8313
122
8315
124
8318
129
131
132
133
135
136
137
138
142
146
148
150
154
156
157
162
165
166
174
176
181
184
191
192
195
197
199
202
207
209
212
213
214
215
217
220
221
222
223
227
228
230
232
234
236
243
244
246
247
248
249
250
252
262
267
268
276
278
280
281
282
283
284
286
287
289
290
291
292
299
302
306
309
310
313
314
315
316
317
321
324
333
334
335
337
341
342
345
346
349
350
351
355
356
360
361
366
372
374
378
380
384
389
392
395
400
403
405
409
410
414
416
417
418
419
421
422
423
424
425
426
428
429
430
431
439
442
444
446
449
451
452
454
456
458
461
468
474
475
480
484
485
486
487
490
497
498
499
500
501
506
508
517
519
534
540
541
545
546
547
548
549
550
551
552
553
555
557
558
565
574
575
577
578
582
587
588
592
594
601
604
605
608
612
614
615
618
620
623
626
630
631
632
633
635
637
640
642
644
645
648
651
655
659
661
662
664
665
669
670
675
677
678
681
686
688
691
694
700
702
704
705
706
710
713
714
716
717
725
737
738
740
741
745
748
749
751
752
753
755
760
761
764
766
768
769
771
772
784
790
792
794
795
798
799
800
802
806
807
808
811
814
816
818
819
828
829
831
832
833
835
837
838
842
845
846
847
850
854
857
861
865
866
867
871
875
877
878
882
884
885
887
889
890
891
892
897
900
904
906
917
921
925
929
932
933
935
936
937
941
951
952
953
958
962
965
967
970
972
973
974
975
981
983
984
989
993
994
996
998
999
1003
1011
1016
1017
1020
1024
1028
1029
1033
1036
1037
1038
1043
1044
1045
1048
1055
1059
1062
1064
1068
1069
1074
1077
1080
1083
1084
1087
1089
1091
1099
1100
1101
1102
1107
1109
1110
1111
1115
1116
1120
1121
1122
1126
1127
1128
1129
1131
1132
1134
1135
1137
1141
1142
1146
1147
1155
1158
1160
1171
1172
1174
1180
1186
1188
1190
1191
1192
1194
1195
1196
1198
1201
1203
1205
1206
1207
1211
1212
1213
1217
1218
1219
1228
1229
1241
1243
1244
1246
1247
1248
1250
1259
1263
1265
1266
1270
1271
1278
1279
1281
1289
1298
1299
1300
1301
1303
1310
1312
1318
1321
1325
1330
1334
1335
1339
1340
1345
1346
1351
1352
1355
1356
1357
1360
1361
1362
1365
1366
1367
1368
1371
1372
1374
1380
1382
1384
1385
1386
1388
1389
1390
1391
1396
1398
1404
1405
1407
1410
1416
1418
1419
1429
1432
1433
1439
1440
1442
1443
1445
1447
1450
1451
1454
1457
1458
1460
1465
1466
1471
1481
1483
1485
1486
1491
1495
1496
1500
1502
1503
1510
1513
1515
1519
1521
1523
1525
1528
1529
1530
1531
1533
1534
1535
1536
1540
1541
1545
1546
1550
1554
1557
1558
1559
1560
1565
1566
1569
1570
1572
1573
1577
1580
1586
1589
1591
1592
1595
1600
1601
1602
1606
1607
1609
1611
1613
1615
1616
1618
1620
1621
1623
1624
1632
1636
1639
1641
1642
1644
1648
1654
1656
1657
1658
1663
1664
1667
1669
1674
1675
1677
1680
1683
1687
1691
1695
1696
1698
1702
1704
1705
1713
1714
1715
1718
1719
1724
1725
1731
1733
1735
1740
1745
1747
1749
1752
1753
1755
1758
1759
1763
1768
1775
1776
1778
1783
1786
1788
1789
1790
1793
1794
1796
1799
1800
1801
1804
1805
1811
1812
1815
1816
1818
1819
1820
1821
1823
1828
1831
1834
1836
1842
1854
1855
1856
1859
1861
1862
1864
1869
1870
1871
1873
1874
1876
1879
1880
1883
1893
1894
1895
1905
1907
1908
1913
1915
1916
1917
1919
1920
1923
1933
1934
1935
1936
1937
1940
1941
1942
1943
1944
1946
1950
1952
1957
1959
1960
1961
1964
1968
1969
1972
1973
1976
1977
1978
1982
1986
1987
1990
1991
1994
1997
1998
2000
2003
2005
2008
2011
2013
2015
2016
2020
2021
2030
2038
2039
2042
2043
2046
2050
2051
2053
2057
2058
2062
2071
2073
2074
2079
2088
2090
2093
2095
2100
2103
2104
2105
2106
2107
2111
2115
2118
2125
2128
2130
2134
2135
2136
2141
2147
2151
2152
2155
2156
2157
2159
2161
2165
2166
2168
2169
2173
2176
2183
2186
2188
2190
2191
2192
2197
2202
2204
2208
2211
2212
2215
2222
2223
2230
2231
2232
2233
2236
2237
2238
2239
2240
2241
2242
2245
2247
2250
2253
2255
2256
2257
2258
2259
2260
2262
2263
2268
2271
2273
2274
2277
2281
2282
2285
2286
2290
2291
2294
2296
2299
2303
2306
2307
2309
2311
2312
2313
2318
2320
2321
2322
2325
2327
2328
2330
2333
2334
2339
2344
2346
2349
2350
2353
2354
2356
2360
2364
2368
2369
2378
2380
2381
2383
2384
2386
2392
2397
2398
2401
2402
2403
2404
2405
2408
2409
2415
2422
2424
2426
2429
2433
2434
2435
2437
2438
2439
2442
2443
2446
2448
2449
2451
2452
2453
2454
2455
2467
2468
2469
2470
2471
2474
2475
2482
2483
2497
2498
2500
2501
2504
2507
2509
2510
2513
2514
2515
2516
2521
2525
2528
2532
2533
2535
2541
2543
2549
2551
2553
2554
2557
2559
2560
2564
2568
2569
2570
2571
2572
2574
2579
2582
2583
2586
2588
2589
2590
2591
2597
2601
2604
2610
2611
2616
2617
2618
2620
2621
2626
2627
2630
2632
2639
2640
2647
2648
2650
2652
2655
2657
2659
2660
2665
2667
2670
2673
2675
2677
2679
2682
2684
2686
2687
2688
2689
2690
2697
2701
2704
2705
2710
2712
2713
2714
2721
2727
2728
2734
2736
2739
2741
2748
2750
2751
2752
2755
2756
2758
2765
2766
2767
2778
2782
2783
2785
2787
2789
2791
2792
2796
2798
2806
2807
2809
2811
2812
2814
2821
2822
2823
2824
2826
2827
2832
2834
2837
2838
2841
2842
2843
2849
2853
2854
2858
2859
2861
2867
2868
2870
2871
2874
2877
2880
2886
2887
2894
2895
2897
2899
2901
2904
2905
2906
2911
2912
2913
2915
2917
2918
2922
2925
2927
2928
2932
2934
2937
2938
2941
2942
2945
2947
2948
2949
2953
2957
2958
2959
2964
2965
2966
2967
2968
2973
2975
2976
2978
2980
2983
2985
2987
2994
2996
2998
3000
3002
3005
3010
3011
3014
3015
3016
3017
3019
3020
3022
3026
3029
3031
3033
3035
3037
3038
3039
3040
3043
3048
3049
3050
3053
3054
3055
3056
3059
3060
3062
3063
3065
3066
3069
3070
3073
3074
3075
3076
3077
3078
3079
3082
3084
3086
3088
3089
3090
3092
3095
3101
3104
3106
3109
3111
3112
3113
3114
3116
3120
3122
3123
3126
3127
3128
3129
3132
3133
3137
3138
3139
3141
3142
3146
3147
3152
3153
3155
3164
3165
3167
3169
3185
3188
3194
3195
3197
3199
3200
3204
3206
3215
3219
3220
3223
3225
3232
3233
3244
3249
3250
3253
3256
3260
3262
3272
3273
3284
3285
3289
3291
3293
3294
3296
3301
3303
3308
3309
3312
3313
3317
3318
3320
3322
3326
3327
3329
3331
3333
3335
3338
3339
3346
3350
3356
3358
3360
3361
3362
3364
3365
3366
3369
3370
3372
3378
3380
3381
3382
3383
3384
3389
3393
3397
3399
3401
3408
3409
3415
3416
3417
3418
3424
3425
3427
3428
3435
3437
3439
3440
3443
3444
3445
3447
3453
3454
3458
3459
3462
3464
3465
3466
3468
3470
3471
3473
3475
3476
3477
3478
3479
3484
3486
3492
3495
3502
3503
3513
3514
3515
3523
3524
3527
3528
3531
3535
3536
3537
3541
3544
3550
3552
3558
3561
3564
3565
3567
3569
3574
3575
3577
3579
3580
3584
3585
3589
3591
3592
3593
3595
3603
3604
3605
3609
3614
3615
3616
3622
3627
3628
3630
3633
3634
3637
3640
3645
3650
3651
3653
3654
3657
3665
3668
3673
3677
3680
3682
3683
3691
3694
3695
3698
3699
3700
3702
3703
3704
3705
3706
3707
3709
3710
3715
3717
3718
3720
3721
3723
3725
3726
3727
3730
3731
3734
3736
3737
3738
3741
3748
3749
3750
3755
3758
3762
3764
3765
3766
3769
3773
3776
3777
3779
3785
3789
3790
3794
3800
3804
3813
3815
3819
3821
3828
3832
3834
3836
3837
3838
3844
3846
3849
3850
3852
3859
3860
3879
3884
3885
3886
3889
3890
3891
3896
3897
3900
3901
3902
3903
3905
3908
3910
3912
3918
3922
3923
3924
3929
3932
3934
3937
3938
3939
3940
3943
3944
3946
3949
3951
3957
3958
3959
3960
3962
3963
3969
3971
3972
3975
3984
3987
3992
3995
3996
3997
4004
4006
4007
4020
4022
4023
4024
4028
4029
4031
4032
4034
4038
4039
4042
4048
4050
4055
4057
4061
4063
4066
4070
4071
4072
4075
4076
4077
4081
4082
4083
4086
4087
4089
4093
4095
4099
4101
4103
4108
4109
4111
4112
4115
4119
4120
4122
4123
4126
4127
4130
4136
4138
4143
4148
4149
4152
4156
4159
4170
4171
4172
4177
4182
4184
4187
4188
4191
4193
4197
4200
4201
4202
4207
4210
4211
4215
4216
4219
4220
4222
4225
4226
4227
4228
4229
4232
4237
4240
4242
4244
4247
4250
4251
4257
4260
4263
4264
4267
4275
4279
4282
4283
4284
4286
4290
4292
4294
4295
4299
4301
4308
4311
4317
4321
4323
4324
4329
4331
4332
4338
4343
4344
4352
4353
4355
4357
4359
4361
4367
4369
4370
4371
4373
4376
4377
4378
4379
4381
4382
4384
4385
4388
4389
4390
4392
4393
4395
4396
4397
4399
4402
4403
4404
4406
4410
4411
4413
4415
4418
4420
4426
4429
4430
4432
4434
4436
4437
4441
4445
4446
4447
4448
4451
4458
4460
4461
4465
4468
4469
4475
4480
4482
4484
4495
4496
4497
4498
4500
4501
4505
4506
4507
4508
4509
4511
4513
4523
4527
4528
4530
4531
4537
4539
4541
4543
4544
4545
4547
4548
4550
4553
4554
4558
4564
4574
4578
4581
4584
4586
4592
4594
4595
4600
4602
4603
4604
4605
4607
4608
4609
4610
4611
4616
4617
4618
4620
4622
4623
4624
4629
4631
4632
4633
4638
4639
4640
4651
4653
4658
4662
4663
4665
4668
4676
4678
4682
4687
4688
4689
4695
4697
4698
4699
4701
4705
4713
4715
4716
4717
4719
4721
4726
4729
4731
4734
4736
4749
4751
4755
4765
4768
4770
4773
4775
4779
4780
4781
4785
4792
4795
4798
4799
4802
4804
4805
4806
4812
4813
4814
4815
4819
4822
4823
4825
4827
4828
4829
4830
4836
4837
4838
4839
4841
4846
4848
4851
4853
4854
4856
4865
4866
4868
4872
4875
4878
4883
4884
4887
4890
4891
4896
4897
4898
4899
4904
4905
4907
4908
4910
4916
4917
4920
4923
4928
4932
4935
4936
4938
4940
4942
4949
4950
4954
4959
4960
4963
4966
4967
4969
4970
4974
4977
4979
4980
4982
4983
4989
4996
4997
5000
5002
5008
5010
5014
5015
5016
5018
5021
5022
5027
5028
5030
5031
5032
5035
5041
5043
5044
5047
5050
5053
5054
5055
5056
5057
5058
5060
5065
5066
5067
5068
5069
5071
5074
5081
5082
5083
5085
5086
5087
5090
5091
5095
5099
5100
5102
5105
5111
5113
5116
5117
5119
5124
5132
5136
5141
5142
5145
5146
5147
5151
5153
5154
5155
5156
5157
5160
5162
5163
5164
5165
5168
5170
5172
5174
5175
5177
5179
5182
5184
5185
5189
5190
5194
5199
5200
5202
5203
5205
5208
5217
5223
5224
5226
5229
5233
5235
5236
5238
5245
5250
5251
5253
5256
5259
5270
5276
5278
5279
5280
5283
5287
5288
5291
5296
5300
5301
5302
5304
5305
5309
5310
5311
5312
5313
5314
5317
5320
5322
5323
5324
5326
5332
5343
5345
5346
5347
5349
5353
5354
5360
5361
5362
5365
5367
5369
5370
5371
5372
5373
5375
5381
5383
5384
5386
5388
5391
5392
5393
5394
5395
5400
5402
5403
5404
5411
5412
5414
5415
5416
5419
5424
5431
5432
5435
5438
5441
5442
5444
5447
5449
5451
5455
5456
5461
5462
5467
5469
5470
5474
5475
5483
5484
5489
5490
5493
5494
5497
5501
5505
5507
5508
5511
5514
5515
5518
5520
5525
5528
5529
5532
5535
5536
5538
5539
5540
5542
5545
5550
5551
5552
5556
5560
5568
5569
5570
5572
5574
5575
5576
5579
5581
5582
5584
5586
5587
5589
5591
5601
5602
5604
5606
5608
5613
5614
5615
5616
5617
5622
5626
5627
5630
5634
5636
5641
5642
5644
5645
5651
5652
5654
5655
5663
5666
5675
5679
5680
5683
5689
5690
5694
5698
5699
5703
5707
5709
5710
5715
5718
5722
5723
5732
5734
5735
5739
5741
5743
5744
5747
5751
5759
5764
5766
5770
5780
5788
5794
5796
5799
5801
5803
5807
5809
5812
5813
5815
5819
5821
5822
5826
5828
5831
5832
5836
5839
5844
5845
5846
5847
5849
5851
5857
5867
5869
5873
5874
5878
5881
5882
5883
5884
5885
5890
5894
5895
5897
5898
5899
5901
5903
5905
5906
5912
5917
5920
5921
5923
5924
5926
5928
5934
5935
5937
5943
5945
5948
5953
5956
5957
5959
5960
5962
5969
5971
5972
5977
5978
5982
5984
5986
5988
5989
5997
5998
6000
6003
6006
6011
6013
6015
6017
6019
6025
6026
6027
6028
6029
6030
6034
6036
6037
6038
6040
6041
6042
6045
6046
6048
6052
6055
6058
6060
6061
6062
6066
6067
6068
6069
6073
6075
6076
6078
6079
6081
6085
6090
6091
6094
6095
6096
6100
6102
6103
6104
6105
6106
6107
6108
6112
6114
6117
6119
6126
6129
6130
6133
6140
6141
6142
6147
6153
6154
6158
6159
6160
6163
6164
6166
6167
6168
6174
6178
6179
6182
6185
6186
6189
6191
6192
6195
6197
6200
6201
6203
6205
6208
6211
6213
6214
6216
6219
6221
6225
6232
6235
6238
6243
6244
6245
6246
6248
6251
6254
6260
6261
6264
6265
6267
6268
6269
6271
6274
6277
6280
6281
6282
6287
6289
6290
6294
6297
6299
6300
6301
6305
6307
6310
6312
6314
6317
6318
6322
6327
6328
6329
6333
6335
6336
6338
6339
6341
6343
6345
6349
6350
6351
6357
6359
6361
6362
6363
6366
6367
6368
6369
6374
6375
6376
6377
6378
6385
6386
6389
6390
6396
6403
6404
6407
6409
6411
6415
6417
6420
6421
6423
6424
6427
6428
6429
6430
6435
6436
6440
6441
6443
6444
6446
6447
6450
6451
6465
6466
6472
6473
6476
6479
6483
6484
6485
6489
6491
6495
6498
6499
6500
6507
6508
6510
6512
6516
6518
6520
6521
6523
6524
6528
6530
6531
6532
6534
6537
6540
6541
6542
6547
6552
6558
6559
6565
6569
6574
6575
6578
6580
6581
6583
6592
6594
6596
6600
6601
6603
6604
6608
6617
6618
6620
6621
6626
6628
6632
6633
6638
6639
6641
6643
6651
6652
6653
6655
6656
6663
6665
6667
6672
6676
6684
6685
6686
6688
6689
6696
6698
6701
6703
6706
6709
6711
6717
6718
6720
6722
6723
6724
6726
6728
6730
6732
6734
6738
6741
6742
6743
6747
6749
6750
6759
6760
6761
6762
6763
6765
6768
6772
6774
6776
6777
6780
6781
6785
6789
6790
6791
6796
6797
6805
6806
6807
6808
6820
6826
6827
6829
6831
6837
6839
6841
6844
6845
6847
6848
6850
6851
6852
6853
6855
6858
6859
6861
6862
6865
6866
6868
6875
6880
6881
6885
6886
6892
6894
6897
6900
6902
6907
6908
6910
6915
6919
6922
6924
6927
6928
6930
6931
6935
6940
6946
6948
6950
6952
6953
6956
6957
6958
6960
6963
6965
6966
6969
6970
6973
6975
6979
6982
6985
6992
6993
6996
7001
7002
7005
7007
7008
7009
7011
7012
7013
7014
7017
7018
7019
7021
7023
7024
7025
7026
7027
7029
7032
7034
7036
7039
7040
7041
7046
7048
7049
7053
7054
7060
7062
7064
7065
7071
7072
7073
7074
7078
7082
7084
7085
7086
7089
7093
7098
7099
7100
7105
7109
7110
7114
7118
7119
7122
7123
7125
7128
7129
7130
7132
7136
7139
7140
7147
7149
7151
7154
7161
7162
7163
7165
7167
7168
7176
7178
7183
7191
7194
7198
7202
7205
7212
7214
7215
7216
7218
7220
7221
7226
7231
7233
7235
7237
7238
7241
7244
7246
7249
7251
7253
7254
7258
7261
7264
7270
7273
7275
7277
7278
7279
7282
7283
7285
7286
7294
7297
7299
7301
7302
7304
7309
7310
7311
7313
7316
7320
7321
7322
7324
7329
7337
7339
7341
7344
7345
7350
7353
7354
7355
7357
7361
7362
7363
7364
7367
7368
7371
7372
7374
7377
7379
7380
7382
7384
7387
7388
7389
7390
7394
7395
7397
7398
7399
7400
7402
7405
7410
7411
7414
7416
7420
7421
7422
7423
7424
7427
7429
7433
7434
7435
7438
7443
7444
7445
7448
7455
7457
7464
7467
7471
7473
7474
7478
7479
7481
7483
7485
7487
7491
7496
7497
7501
7509
7510
7513
7517
7519
7522
7523
7526
7527
7530
7534
7538
7542
7544
7550
7551
7553
7557
7558
7560
7563
7568
7571
7572
7574
7575
7579
7582
7583
7585
7587
7589
7596
7598
7601
7603
7607
7608
7611
7613
7614
7616
7617
7619
7620
7622
7623
7625
7626
7627
7630
7633
7634
7635
7638
7639
7640
7641
7642
7645
7646
7651
7655
7656
7667
7669
7672
7677
7683
7686
7687
7690
7691
7693
7694
7695
7700
7701
7709
7712
7715
7718
7719
7724
7726
7733
7735
7737
7738
7739
7740
7743
7746
7750
7755
7757
7759
7760
7764
7766
7768
7769
7770
7772
7776
7777
7781
7782
7784
7785
7790
7791
7794
7797
7799
7801
7803
7806
7813
7816
7822
7823
7829
7830
7832
7833
7835
7837
7839
7840
7841
7844
7848
7849
7850
7854
7856
7858
7860
7862
7864
7869
7872
7874
7875
7878
7879
7880
7885
7891
7892
7894
7895
7901
7902
7907
7908
7909
7913
7914
7919
7921
7922
7923
7924
7932
7934
7935
7937
7943
7944
7952
7957
7959
7960
7963
7965
7966
7972
7974
7976
7980
7983
7990
7991
7996
7997
7998
7999
8000
8001
8002
8003
8004
8006
8007
8010
8011
8013
8018
8020
8021
8030
8031
8032
8036
8038
8044
8045
8046
8048
8049
8051
8052
8055
8056
8057
8059
8060
8063
8065
8066
8075
8079
8080
8084
8085
8087
8089
8096
8098
8101
8103
8105
8106
8108
8109
8112
8116
8117
8119
8121
8122
8124
8126
8127
8132
8133
8141
8149
8151
8153
8158
8159
8162
8168
8173
8177
8179
8181
8184
8185
8187
8188
8189
91
1
129
3
131
5
133
7
135
9
137
11
139
13
141
15
143
17
145
19
147
21
149
23
151
25
153
27
155
29
157
31
159
33
161
35
163
37
165
39
167
41
169
43
171
45
173
47
175
49
177
51
179
53
55
57
59
61
63
65
67
69
71
73
75
77
79
81
83
85
87
89
91
92
93
95
97
99
101
103
105
107
109
111
113
115
117
119
121
123
125
127
