671
0
1
1025
3
1028
5
6
7
9
10
11
12
17
18
20
21
22
23
25
26
28
30
31
32
33
35
36
37
38
39
40
41
47
48
49
50
52
54
57
58
62
63
64
65
66
67
68
69
70
71
74
76
77
78
79
81
82
83
85
88
89
91
95
96
97
99
101
103
104
105
108
111
113
116
118
120
122
123
124
125
126
129
130
132
133
135
140
141
142
143
144
145
146
147
148
149
151
152
153
154
157
158
160
161
165
166
167
168
169
171
172
173
175
176
177
179
180
182
184
185
186
187
188
191
192
193
196
199
200
207
208
209
210
212
213
214
217
219
220
221
222
223
225
226
227
228
231
232
233
234
235
236
237
238
239
240
241
242
243
244
246
247
250
251
252
258
259
261
262
263
264
265
267
269
270
272
274
279
280
283
285
288
289
290
291
292
294
295
296
297
298
299
303
304
305
306
307
309
310
311
312
313
314
315
316
317
319
320
322
323
324
326
327
329
330
334
335
338
339
340
341
343
344
346
347
348
350
356
359
360
363
365
366
368
370
373
374
376
378
379
380
382
386
387
388
391
392
393
395
396
397
398
400
401
402
404
405
407
408
409
410
411
412
413
414
416
417
418
419
420
426
427
429
430
431
432
434
435
436
437
438
439
442
443
444
449
451
452
453
454
455
456
457
458
459
460
461
462
463
466
467
468
469
470
471
473
474
478
479
480
481
482
483
487
488
489
491
493
494
495
496
497
498
501
502
503
504
505
506
508
509
510
511
512
513
514
515
517
518
520
521
522
524
525
527
528
529
530
531
532
533
534
536
538
539
540
542
543
546
547
549
550
553
554
555
556
558
559
560
561
562
563
564
567
569
570
571
572
573
575
576
577
578
579
580
581
583
584
586
588
591
594
595
598
601
603
605
606
607
613
614
615
616
617
618
621
624
625
626
627
628
629
630
633
634
635
638
639
640
641
642
643
645
646
651
652
653
655
656
657
658
659
660
662
663
664
665
667
668
669
670
671
672
674
675
676
677
678
679
680
682
683
684
687
688
690
691
693
696
697
699
700
701
702
703
704
707
708
711
712
714
715
716
718
720
721
722
723
724
725
726
729
730
731
734
735
736
737
738
739
741
743
745
746
747
749
751
752
753
754
755
757
758
759
760
761
762
763
764
767
768
769
772
773
774
775
777
780
781
783
788
789
791
792
793
794
796
798
801
802
806
807
808
809
810
812
817
818
820
823
824
825
826
828
829
830
832
833
837
838
839
840
841
845
846
847
848
851
852
853
856
859
860
861
862
863
864
865
867
869
871
872
874
876
877
880
881
882
883
885
886
888
890
892
894
896
900
901
902
904
906
908
910
911
913
914
915
916
918
919
921
922
923
924
925
926
927
928
929
931
933
934
935
936
938
939
940
941
942
943
944
945
946
948
949
951
952
953
954
955
956
957
960
962
964
965
967
968
970
971
973
974
976
977
981
982
984
985
987
988
989
991
993
997
998
999
1001
1003
1005
1006
1008
1009
1010
1012
1013
1015
1017
1018
1019
1020
1021
282
1
2
3
5
6
7
9
10
11
13
14
15
17
18
19
20
21
22
23
25
26
27
29
30
31
33
34
35
37
38
39
41
42
43
45
46
47
49
50
51
53
54
55
57
58
59
61
62
63
65
66
67
69
70
71
73
74
75
77
78
79
81
82
83
85
86
87
89
90
91
93
94
95
97
98
99
101
102
103
105
106
107
109
110
111
113
114
115
117
118
119
121
122
123
125
126
127
129
130
131
133
134
135
137
138
139
141
142
143
145
146
147
149
150
151
153
154
155
157
158
159
161
162
163
165
166
167
169
170
171
173
174
175
177
178
179
181
182
183
185
186
187
189
190
191
193
194
195
197
198
199
201
202
203
205
206
207
209
210
211
213
214
215
217
218
219
221
222
223
225
226
227
229
230
231
233
234
235
237
238
239
241
242
243
245
246
247
249
250
251
253
254
255
257
258
259
261
262
263
265
266
267
269
270
271
273
274
275
277
278
279
281
282
283
285
286
287
289
290
291
293
294
295
297
298
299
301
302
303
305
306
307
309
310
311
313
314
315
317
318
319
321
322
323
325
326
327
329
330
331
333
334
335
337
338
339
341
342
343
345
346
347
349
350
351
353
354
355
357
358
359
361
362
363
365
366
367
369
370
371
373
374
