1127
0
2049
2051
2052
5
7
8
2057
2059
2060
13
2061
2062
15
16
17
20
21
2069
22
2071
24
2072
26
28
30
2078
31
2080
33
36
38
2086
39
2087
40
2089
42
2090
2093
46
2094
47
2095
50
53
2102
2104
57
59
60
2108
61
62
2115
68
69
2117
2120
2122
2124
77
2126
79
2128
2130
83
84
85
86
2137
2138
91
93
2142
2143
96
97
2145
98
99
2148
2149
2150
103
104
105
2155
2161
2164
118
119
2167
121
122
2171
124
127
128
2176
130
132
133
2181
135
136
2184
2185
138
140
142
143
144
145
146
147
148
151
2199
153
154
155
157
2205
2209
162
163
2212
165
2213
166
167
168
2216
169
2217
2218
174
175
176
2224
179
2227
181
182
2231
186
2234
187
2235
2236
190
2238
2239
192
2240
193
2241
2242
197
198
2246
2247
200
2249
2250
203
204
2252
205
2255
208
209
2259
212
214
2262
2265
218
219
2269
222
2271
2275
2276
229
230
232
2280
234
2282
236
238
2286
239
2287
240
2288
2290
2291
2292
245
246
2294
2295
248
249
251
2299
253
254
255
257
260
2309
263
2311
2312
2313
267
2315
268
2317
271
2319
273
275
2323
2325
2326
279
2328
283
2331
2332
2333
2335
2336
2338
291
2339
292
2340
2343
296
297
299
301
2349
304
306
2354
309
2357
310
311
313
2361
315
2363
2365
2366
320
2369
323
2372
2375
2377
330
2380
2381
334
2382
335
2383
337
2386
2387
341
343
2393
2394
347
2395
2396
350
2399
352
353
354
355
2403
2404
359
360
2410
363
364
2412
365
367
2415
2416
369
2417
2418
371
2419
372
373
2422
375
2423
376
2424
377
378
2427
380
381
2430
383
385
387
2436
2437
390
391
2439
2441
2442
395
396
2444
397
2447
2448
403
2455
408
2456
2457
2458
412
2460
413
414
2462
416
2464
2465
418
2466
2468
421
2469
2470
2471
2472
425
2473
2475
429
432
2480
433
2484
2485
2486
439
440
2488
441
2489
442
2490
444
446
2494
447
2495
450
2498
2499
2500
453
2502
2503
2504
2505
2507
460
462
2510
463
2511
2512
465
2513
466
2514
2515
468
2516
471
2519
472
2520
2522
475
477
2525
2526
479
2528
482
484
2532
485
2534
488
489
490
2538
2539
2541
494
2543
496
2544
497
499
2547
2550
2553
2555
508
2556
510
2560
2561
514
2562
515
2563
516
519
2567
521
2569
2571
524
2572
527
2575
529
530
532
533
535
538
2586
539
540
2588
541
2589
545
546
2595
548
550
2598
551
2599
552
553
2601
554
2604
2606
559
563
564
2612
565
2613
567
568
569
571
572
2621
575
2623
2624
577
578
581
583
584
589
590
594
607
612
613
614
619
623
625
626
629
632
637
641
646
647
649
651
652
653
655
656
659
660
662
663
664
668
670
672
673
674
675
676
679
681
684
685
689
690
691
697
705
707
708
711
714
715
716
719
720
725
726
730
732
733
735
736
738
740
741
743
744
745
749
753
756
757
759
763
765
766
769
770
772
774
776
777
778
779
780
786
787
788
793
798
799
803
804
807
809
810
812
813
816
819
820
822
823
825
829
831
835
836
837
845
846
849
851
852
855
861
862
864
865
866
867
868
870
873
876
880
884
886
888
893
896
897
900
904
910
911
912
916
919
920
921
922
925
928
932
935
938
939
943
944
947
950
953
954
956
957
961
965
966
968
971
972
973
974
975
983
984
989
992
996
997
998
999
1000
1001
1002
1007
1009
1010
1013
1015
1016
1017
1018
1019
1021
1024
1025
1027
1028
1034
1036
1037
1044
1046
1050
1052
1053
1055
1056
1062
1063
1064
1068
1082
1085
1087
1088
1089
1090
1092
1093
1095
1096
1097
1098
1100
1101
1102
1107
1109
1111
1113
1115
1116
1121
1122
1123
1125
1127
1130
1133
1134
1135
1136
1137
1139
1140
1142
1143
1144
1146
1147
1148
1149
1153
1155
1157
1158
1159
1163
1171
1172
1177
1178
1186
1189
1190
1192
1193
1196
1197
1200
1203
1206
1207
1208
1214
1220
1226
1227
1229
1230
1231
1232
1233
1236
1239
1244
1245
1246
1248
1253
1255
1258
1259
1260
1262
1264
1265
1268
1271
1277
1278
1285
1289
1291
1292
1294
1295
1298
1301
1303
1304
1306
1308
1309
1310
1314
1317
1319
1320
1322
1325
1328
1329
1331
1332
1335
1339
1341
1342
1343
1344
1346
1350
1353
1357
1358
1360
1361
1368
1369
1374
1376
1385
1389
1390
1391
1392
1393
1394
1397
1398
1399
1400
1401
1403
1405
1406
1408
1411
1414
1419
1421
1423
1425
1426
1428
1430
1432
1434
1435
1437
1439
1445
1447
1448
1449
1453
1456
1457
1458
1459
1460
1461
1463
1465
1470
1473
1474
1481
1484
1485
1488
1490
1494
1495
1496
1497
1499
1500
1502
1503
1505
1507
1509
1510
1513
1516
1528
1531
1532
1535
1539
1541
1544
1545
1548
1549
1550
1553
1554
1555
1557
1559
1560
1562
1563
1564
1567
1568
1570
1571
1573
1574
1575
1576
1578
1579
1582
1584
1585
1589
1590
1592
1596
1600
1601
1602
1604
1605
1606
1609
1610
1611
1613
1614
1616
1617
1618
1622
1623
1626
1627
1628
1631
1632
1633
1635
1636
1638
1642
1643
1649
1650
1656
1660
1663
1665
1667
1671
1673
1676
1677
1679
1681
1682
1683
1688
1691
1692
1694
1695
1696
1698
1701
1703
1707
1709
1712
1713
1716
1717
1718
1719
1720
1724
1728
1730
1731
1732
1733
1735
1736
1739
1742
1743
1744
1746
1748
1753
1759
1760
1764
1765
1771
1772
1773
1775
1776
1777
1778
1780
1783
1788
1795
1796
1803
1805
1807
1808
1810
1811
1814
1816
1821
1825
1828
1832
1837
1839
1840
1842
1843
1844
1846
1850
1851
1852
1854
1856
1858
1860
1861
1864
1868
1869
1870
1871
1872
1876
1877
1884
1885
1887
1889
1890
1892
1894
1896
1897
1901
1906
1907
1908
1910
1918
1919
1922
1927
1929
1932
1933
1935
1936
1939
1941
1950
1958
1959
1964
1965
1967
1969
1973
1976
1978
1979
1980
1982
1986
1988
1991
1992
1993
1994
1995
1997
1998
2001
2002
2003
2004
2005
2007
2012
2018
2020
2021
2023
2028
2031
2033
2039
2041
2045
2046
2047
81
1
129
3
131
5
133
7
135
9
137
11
139
13
141
15
143
17
145
146
19
147
21
149
23
151
25
153
27
155
29
157
31
159
33
35
37
39
41
43
45
47
49
51
53
55
57
59
61
63
65
67
69
71
73
75
77
79
81
83
85
87
89
91
93
95
97
99
101
103
105
107
109
111
113
115
117
119
121
123
125
127
